{"producer":{"name":"Blender","version":"2.78 (sub 0)","exporter_version":"5.4.0","file":"person2.babylon"},
"autoClear":true,"clearColor":[0.0509,0.0509,0.0509],"ambientColor":[0,0,0],"gravity":[0,-9.81,0],
"materials":[{"name":"person2.skin","id":"person2.skin","ambient":[0.8,0.5387,0.5206],"diffuse":[0.64,0.431,0.4165],"specular":[0,0,0],"emissive":[0,0,0],"specularPower":50,"alpha":1,"backFaceCulling":true,"checkReadyOnlyOnce":false,"maxSimultaneousLights":4},
{"name":"person2.hair","id":"person2.hair","ambient":[0.1329,0.0403,0.016],"diffuse":[0.1063,0.0322,0.0128],"specular":[0,0,0],"emissive":[0,0,0],"specularPower":50,"alpha":1,"backFaceCulling":true,"checkReadyOnlyOnce":false,"maxSimultaneousLights":4},
{"name":"person2.sweater","id":"person2.sweater","ambient":[0.2019,0.018,0.0194],"diffuse":[0.1571,0.014,0.0151],"specular":[0,0,0],"emissive":[0,0,0],"specularPower":50,"alpha":1,"backFaceCulling":true,"checkReadyOnlyOnce":false,"maxSimultaneousLights":4},
{"name":"person2.pants","id":"person2.pants","ambient":[0.0165,0.0099,0.1845],"diffuse":[0.0132,0.0079,0.1476],"specular":[0,0,0],"emissive":[0,0,0],"specularPower":50,"alpha":1,"backFaceCulling":true,"checkReadyOnlyOnce":false,"maxSimultaneousLights":4}],
"multiMaterials":[{"name":"person2.Multimaterial#0","id":"person2.Multimaterial#0","materials":["person2.skin","person2.hair","person2.sweater","person2.pants"]}],
"skeletons":[{"name":"Armature","id":0,"dimensionsAtRest":[2,6.116,0],"bones":[
{"name":"Bone","index":0,"matrix":[1,0,0,0,0,1,0,0,0,0,-1,0,0,2.6073,0,1],"rest":[1,0,0,0,0,1,0,0,0,0,-1,0,0,2.6073,0,1],"parentBoneIndex":-1,"length":2
,"animation":{"dataType":3,"framePerSecond":24,"keys":[
{"frame":0,"values":[1,0,0,0,0,1,0,0,0,0,-1,0,0,2.6073,0,1]},
{"frame":21,"values":[1,0.0006,0,0,-0.0006,1,0,0,0,0,-1,0,0,2.6049,0,1]},
{"frame":22,"values":[1,0.0022,0,0,-0.0022,1,0,0,0,0,-1,0,0,2.5977,0,1]},
{"frame":23,"values":[1,0.005,0,0,-0.005,1,0,0,0,0,-1,0,0,2.5861,0,1]},
{"frame":24,"values":[1,0.0085,0,0,-0.0085,1,0,0,0,0,-1,0,0,2.5709,0,1]},
{"frame":25,"values":[0.9999,0.0126,0,0,-0.0126,0.9999,0,0,0,0,-1,0,0,2.5537,0,1]},
{"frame":26,"values":[0.9999,0.0166,0,0,-0.0166,0.9999,0,0,0,0,-1,0,0,2.5364,0,1]},
{"frame":27,"values":[0.9998,0.0202,0,0,-0.0202,0.9998,0,0,0,0,-1,0,0,2.5212,0,1]},
{"frame":28,"values":[0.9997,0.0229,0,0,-0.0229,0.9997,0,0,0,0,-1,0,0,2.5096,0,1]},
{"frame":29,"values":[0.9997,0.0246,0,0,-0.0246,0.9997,0,0,0,0,-1,0,0,2.5024,0,1]},
{"frame":30,"values":[0.9997,0.0252,0,0,-0.0252,0.9997,0,0,0,0,-1,0,0,2.5,0,1]},
{"frame":31,"values":[0.9997,0.0238,0,0,-0.0238,0.9997,0,0,0,0,-1,0,0,2.5096,0,1]},
{"frame":32,"values":[0.9998,0.0196,0,0,-0.0196,0.9998,0,0,0,0,-1,0,0,2.5364,0,1]},
{"frame":33,"values":[0.9999,0.0132,0,0,-0.0132,0.9999,0,0,0,0,-1,0,0,2.5709,0,1]},
{"frame":34,"values":[1,0.0062,0,0,-0.0062,1,0,0,0,0,-1,0,0,2.5977,0,1]},
{"frame":35,"values":[1,0,0,0,0,1,0,0,0,0,-1,0,0,2.6073,0,1]},
{"frame":36,"values":[1,-0.0066,0,0,0.0066,1,0,0,0,0,-1,0,0,2.5986,0,1]},
{"frame":37,"values":[0.9999,-0.0147,0,0,0.0147,0.9999,0,0,0,0,-1,0,0,2.574,0,1]},
{"frame":38,"values":[0.9997,-0.0226,0,0,0.0226,0.9997,0,0,0,0,-1,0,0,2.5425,0,1]},
{"frame":39,"values":[0.9996,-0.0279,0,0,0.0279,0.9996,0,0,0,0,-1,0,0,2.518,0,1]},
{"frame":40,"values":[0.9996,-0.0296,0,0,0.0296,0.9996,0,0,0,0,-1,0,0,2.5093,0,1]},
{"frame":41,"values":[0.9996,-0.0279,0,0,0.0279,0.9996,0,0,0,0,-1,0,0,2.518,0,1]},
{"frame":42,"values":[0.9997,-0.0226,0,0,0.0226,0.9997,0,0,0,0,-1,0,0,2.5425,0,1]},
{"frame":43,"values":[0.9999,-0.0147,0,0,0.0147,0.9999,0,0,0,0,-1,0,0,2.574,0,1]},
{"frame":44,"values":[1,-0.0066,0,0,0.0066,1,0,0,0,0,-1,0,0,2.5986,0,1]},
{"frame":45,"values":[1,0,0,0,0,1,0,0,0,0,-1,0,0,2.6073,0,1]},
{"frame":46,"values":[1,0.0062,0,0,-0.0062,1,0,0,0,0,-1,0,0,2.5977,0,1]},
{"frame":47,"values":[0.9999,0.0132,0,0,-0.0132,0.9999,0,0,0,0,-1,0,0,2.5709,0,1]},
{"frame":48,"values":[0.9998,0.0196,0,0,-0.0196,0.9998,0,0,0,0,-1,0,0,2.5364,0,1]},
{"frame":49,"values":[0.9997,0.0238,0,0,-0.0238,0.9997,0,0,0,0,-1,0,0,2.5096,0,1]},
{"frame":50,"values":[0.9997,0.0252,0,0,-0.0252,0.9997,0,0,0,0,-1,0,0,2.5,0,1]}],"loopBehavior":1,"name":"anim","property":"_matrix"}},
{"name":"Bone.002","index":1,"matrix":[0.0204,0,0.9998,0,0,1,0,0,-0.9998,0,0.0204,0,0,2,0,1],"rest":[0.0204,0,0.9998,0,0,1,0,0,-0.9998,0,0.0204,0,0,2,0,1],"parentBoneIndex":0,"length":0.3927
,"animation":{"dataType":3,"framePerSecond":24,"keys":[
{"frame":0,"values":[0.0204,0,0.9998,0,0,1,0,0,-0.9998,0,0.0204,0,0,2,0,1]},
{"frame":50,"values":[0.0204,0,0.9998,0,0,1,0,0,-0.9998,0,0.0204,0,0,2,0,1]}],"loopBehavior":1,"name":"anim","property":"_matrix"}},
{"name":"Bone.003","index":2,"matrix":[-0.9989,0,-0.0471,0,0,1,0,0,0.0471,0,-0.9989,0,0,0.3927,0,1],"rest":[-0.9989,0,-0.0471,0,0,1,0,0,0.0471,0,-0.9989,0,0,0.3927,0,1],"parentBoneIndex":1,"length":1.366
,"animation":{"dataType":3,"framePerSecond":24,"keys":[
{"frame":0,"values":[-0.9989,0,-0.0471,0,0,1,0,0,0.0471,0,-0.9989,0,0,0.3927,0,1]},
{"frame":21,"values":[-0.9989,0.0032,-0.0471,0,0.0032,1,0.0001,0,0.0471,-0.0001,-0.9989,0,0,0.3927,0,1]},
{"frame":22,"values":[-0.9988,0.0129,-0.0471,0,0.0129,0.9999,0.0003,0,0.0471,-0.0003,-0.9989,0,0,0.3927,0,1]},
{"frame":23,"values":[-0.9985,0.0287,-0.0471,0,0.0287,0.9996,0.0006,0,0.047,-0.0008,-0.9989,0,0,0.3927,0,1]},
{"frame":24,"values":[-0.9977,0.0494,-0.047,0,0.0494,0.9988,0.001,0,0.047,-0.0013,-0.9989,0,0,0.3927,0,1]},
{"frame":25,"values":[-0.9962,0.0728,-0.047,0,0.0728,0.9973,0.0015,0,0.047,-0.0019,-0.9989,0,0,0.3927,0,1]},
{"frame":26,"values":[-0.9943,0.0961,-0.047,0,0.0962,0.9954,0.002,0,0.0469,-0.0026,-0.9989,0,0,0.3927,0,1]},
{"frame":27,"values":[-0.9921,0.1167,-0.0469,0,0.1167,0.9932,0.0024,0,0.0469,-0.0031,-0.9989,0,0,0.3927,0,1]},
{"frame":28,"values":[-0.9901,0.1324,-0.0469,0,0.1324,0.9912,0.0027,0,0.0468,-0.0035,-0.9989,0,0,0.3927,0,1]},
{"frame":29,"values":[-0.9888,0.142,-0.0469,0,0.142,0.9899,0.0029,0,0.0468,-0.0038,-0.9989,0,0,0.3927,0,1]},
{"frame":30,"values":[-0.9883,0.1452,-0.0468,0,0.1452,0.9894,0.003,0,0.0468,-0.0039,-0.9989,0,0,0.3927,0,1]},
{"frame":31,"values":[-0.9901,0.1324,-0.0469,0,0.1324,0.9912,0.0027,0,0.0468,-0.0035,-0.9989,0,0,0.3927,0,1]},
{"frame":32,"values":[-0.9943,0.0961,-0.047,0,0.0962,0.9954,0.002,0,0.0469,-0.0026,-0.9989,0,0,0.3927,0,1]},
{"frame":33,"values":[-0.9977,0.0494,-0.047,0,0.0494,0.9988,0.001,0,0.047,-0.0013,-0.9989,0,0,0.3927,0,1]},
{"frame":34,"values":[-0.9988,0.0129,-0.0471,0,0.0129,0.9999,0.0003,0,0.0471,-0.0003,-0.9989,0,0,0.3927,0,1]},
{"frame":35,"values":[-0.9989,0,-0.0471,0,0,1,0,0,0.0471,0,-0.9989,0,0,0.3927,0,1]},
{"frame":36,"values":[-0.9988,0.016,-0.0471,0,0.016,0.9999,0.0003,0,0.0471,-0.0004,-0.9989,0,0,0.3927,0,1]},
{"frame":37,"values":[-0.997,0.0611,-0.047,0,0.0611,0.9981,0.0012,0,0.047,-0.0016,-0.9989,0,0,0.3927,0,1]},
{"frame":38,"values":[-0.9918,0.1189,-0.0469,0,0.1189,0.9929,0.0024,0,0.0469,-0.0032,-0.9989,0,0,0.3927,0,1]},
{"frame":39,"values":[-0.9854,0.1636,-0.0468,0,0.1636,0.9865,0.0033,0,0.0467,-0.0044,-0.9989,0,0,0.3927,0,1]},
{"frame":40,"values":[-0.9827,0.1794,-0.0467,0,0.1794,0.9838,0.0037,0,0.0466,-0.0048,-0.9989,0,0,0.3927,0,1]},
{"frame":41,"values":[-0.9854,0.1636,-0.0468,0,0.1636,0.9865,0.0033,0,0.0467,-0.0044,-0.9989,0,0,0.3927,0,1]},
{"frame":42,"values":[-0.9918,0.1189,-0.0469,0,0.1189,0.9929,0.0024,0,0.0469,-0.0032,-0.9989,0,0,0.3927,0,1]},
{"frame":43,"values":[-0.997,0.0611,-0.047,0,0.0611,0.9981,0.0012,0,0.047,-0.0016,-0.9989,0,0,0.3927,0,1]},
{"frame":44,"values":[-0.9988,0.016,-0.0471,0,0.016,0.9999,0.0003,0,0.0471,-0.0004,-0.9989,0,0,0.3927,0,1]},
{"frame":45,"values":[-0.9989,0,-0.0471,0,0,1,0,0,0.0471,0,-0.9989,0,0,0.3927,0,1]},
{"frame":46,"values":[-0.9988,0.0129,-0.0471,0,0.0129,0.9999,0.0003,0,0.0471,-0.0003,-0.9989,0,0,0.3927,0,1]},
{"frame":47,"values":[-0.9977,0.0494,-0.047,0,0.0494,0.9988,0.001,0,0.047,-0.0013,-0.9989,0,0,0.3927,0,1]},
{"frame":48,"values":[-0.9943,0.0961,-0.047,0,0.0962,0.9954,0.002,0,0.0469,-0.0026,-0.9989,0,0,0.3927,0,1]},
{"frame":49,"values":[-0.9901,0.1324,-0.0469,0,0.1324,0.9912,0.0027,0,0.0468,-0.0035,-0.9989,0,0,0.3927,0,1]},
{"frame":50,"values":[-0.9883,0.1452,-0.0468,0,0.1452,0.9894,0.003,0,0.0468,-0.0039,-0.9989,0,0,0.3927,0,1]}],"loopBehavior":1,"name":"anim","property":"_matrix"}},
{"name":"Bone.004","index":3,"matrix":[-0.0001,0.0007,-1,0,-0.9881,-0.1537,0,0,-0.1537,0.9881,0.0007,0,0,2,0,1],"rest":[-0.0001,0.0007,-1,0,-0.9881,-0.1537,0,0,-0.1537,0.9881,0.0007,0,0,2,0,1],"parentBoneIndex":0,"length":0.6024
,"animation":{"dataType":3,"framePerSecond":24,"keys":[
{"frame":0,"values":[-0.0001,0.0007,-1,0,-0.9881,-0.1537,0,0,-0.1537,0.9881,0.0007,0,0,2,0,1]},
{"frame":1,"values":[-0.0001,0.0007,-1,0,-0.9885,-0.1512,0,0,-0.1512,0.9885,0.0007,0,0,2,0,1]},
{"frame":2,"values":[-0.0001,0.0007,-1,0,-0.9897,-0.1435,0,0,-0.1435,0.9897,0.0007,0,0,2,0,1]},
{"frame":3,"values":[-0.0001,0.0007,-1,0,-0.9914,-0.131,0,0,-0.131,0.9914,0.0007,0,0,2,0,1]},
{"frame":4,"values":[-0.0001,0.0007,-1,0,-0.9934,-0.1146,0,0,-0.1146,0.9934,0.0007,0,0,2,0,1]},
{"frame":5,"values":[-0.0001,0.0007,-1,0,-0.9954,-0.0959,0,0,-0.0959,0.9954,0.0007,0,0,2,0,1]},
{"frame":6,"values":[-0.0001,0.0007,-1,0,-0.997,-0.0772,0,0,-0.0772,0.997,0.0007,0,0,2,0,1]},
{"frame":7,"values":[0,0.0007,-1,0,-0.9982,-0.0607,0,0,-0.0607,0.9982,0.0007,0,0,2,0,1]},
{"frame":8,"values":[0,0.0007,-1,0,-0.9988,-0.0481,0,0,-0.0481,0.9988,0.0007,0,0,2,0,1]},
{"frame":9,"values":[0,0.0007,-1,0,-0.9992,-0.0403,0,0,-0.0403,0.9992,0.0007,0,0,2,0,1]},
{"frame":10,"values":[0,0.0007,-1,0,-0.9993,-0.0378,0,0,-0.0378,0.9993,0.0007,0,0,2,0,1]},
{"frame":11,"values":[0,0.0007,-1,0,-0.9992,-0.0403,0,0,-0.0403,0.9992,0.0007,0,0,2,0,1]},
{"frame":12,"values":[0,0.0007,-1,0,-0.9988,-0.0481,0,0,-0.0481,0.9988,0.0007,0,0,2,0,1]},
{"frame":13,"values":[0,0.0007,-1,0,-0.9982,-0.0607,0,0,-0.0607,0.9982,0.0007,0,0,2,0,1]},
{"frame":14,"values":[-0.0001,0.0007,-1,0,-0.997,-0.0772,0,0,-0.0772,0.997,0.0007,0,0,2,0,1]},
{"frame":15,"values":[-0.0001,0.0007,-1,0,-0.9954,-0.0959,0,0,-0.0959,0.9954,0.0007,0,0,2,0,1]},
{"frame":16,"values":[-0.0001,0.0007,-1,0,-0.9934,-0.1146,0,0,-0.1146,0.9934,0.0007,0,0,2,0,1]},
{"frame":17,"values":[-0.0001,0.0007,-1,0,-0.9914,-0.131,0,0,-0.131,0.9914,0.0007,0,0,2,0,1]},
{"frame":18,"values":[-0.0001,0.0007,-1,0,-0.9897,-0.1435,0,0,-0.1435,0.9897,0.0007,0,0,2,0,1]},
{"frame":19,"values":[-0.0001,0.0007,-1,0,-0.9885,-0.1512,0,0,-0.1512,0.9885,0.0007,0,0,2,0,1]},
{"frame":20,"values":[-0.0001,0.0007,-1,0,-0.9881,-0.1537,0,0,-0.1537,0.9881,0.0007,0,0,2,0,1]},
{"frame":50,"values":[-0.0001,0.0007,-1,0,-0.9881,-0.1537,0,0,-0.1537,0.9881,0.0007,0,0,2,0,1]}],"loopBehavior":1,"name":"anim","property":"_matrix"}},
{"name":"Bone.005","index":4,"matrix":[0.9996,-0.024,-0.0148,0,-0.0006,0.5089,-0.8608,0,0.0282,0.8605,0.5087,0,0,0.6024,0,1],"rest":[0.9996,-0.024,-0.0148,0,-0.0006,0.5089,-0.8608,0,0.0282,0.8605,0.5087,0,0,0.6024,0,1],"parentBoneIndex":3,"length":1.0924
,"animation":{"dataType":3,"framePerSecond":24,"keys":[
{"frame":0,"values":[0.9996,-0.024,-0.0148,0,-0.0006,0.5089,-0.8608,0,0.0282,0.8605,0.5087,0,0,0.6024,0,1]},
{"frame":1,"values":[0.9996,-0.024,-0.0148,0,-0.0006,0.5057,-0.8627,0,0.0282,0.8624,0.5054,0,0,0.6024,0,1]},
{"frame":2,"values":[0.9996,-0.0242,-0.0145,0,-0.0006,0.4957,-0.8685,0,0.0282,0.8681,0.4955,0,0,0.6024,0,1]},
{"frame":3,"values":[0.9996,-0.0244,-0.014,0,-0.0006,0.4794,-0.8776,0,0.0282,0.8772,0.4792,0,0,0.6024,0,1]},
{"frame":4,"values":[0.9996,-0.0248,-0.0134,0,-0.0006,0.4579,-0.889,0,0.0282,0.8887,0.4577,0,0,0.6024,0,1]},
{"frame":5,"values":[0.9996,-0.0251,-0.0127,0,-0.0006,0.4331,-0.9013,0,0.0281,0.901,0.4329,0,0,0.6024,0,1]},
{"frame":6,"values":[0.9996,-0.0254,-0.012,0,-0.0006,0.408,-0.913,0,0.0281,0.9126,0.4078,0,0,0.6024,0,1]},
{"frame":7,"values":[0.9996,-0.0257,-0.0114,0,-0.0006,0.3856,-0.9227,0,0.0281,0.9223,0.3854,0,0,0.6024,0,1]},
{"frame":8,"values":[0.9996,-0.0259,-0.0109,0,-0.0006,0.3683,-0.9297,0,0.0281,0.9293,0.3682,0,0,0.6024,0,1]},
{"frame":9,"values":[0.9996,-0.026,-0.0106,0,-0.0006,0.3576,-0.9339,0,0.0281,0.9335,0.3575,0,0,0.6024,0,1]},
{"frame":10,"values":[0.9996,-0.026,-0.0105,0,-0.0006,0.3541,-0.9352,0,0.0281,0.9349,0.3539,0,0,0.6024,0,1]},
{"frame":11,"values":[0.9996,-0.026,-0.0106,0,-0.0006,0.3576,-0.9339,0,0.0281,0.9335,0.3575,0,0,0.6024,0,1]},
{"frame":12,"values":[0.9996,-0.0259,-0.0109,0,-0.0006,0.3683,-0.9297,0,0.0281,0.9293,0.3682,0,0,0.6024,0,1]},
{"frame":13,"values":[0.9996,-0.0257,-0.0114,0,-0.0006,0.3856,-0.9227,0,0.0281,0.9223,0.3854,0,0,0.6024,0,1]},
{"frame":14,"values":[0.9996,-0.0254,-0.012,0,-0.0006,0.408,-0.913,0,0.0281,0.9126,0.4078,0,0,0.6024,0,1]},
{"frame":15,"values":[0.9996,-0.0251,-0.0127,0,-0.0006,0.4331,-0.9013,0,0.0281,0.901,0.4329,0,0,0.6024,0,1]},
{"frame":16,"values":[0.9996,-0.0248,-0.0134,0,-0.0006,0.4579,-0.889,0,0.0282,0.8887,0.4577,0,0,0.6024,0,1]},
{"frame":17,"values":[0.9996,-0.0244,-0.014,0,-0.0006,0.4794,-0.8776,0,0.0282,0.8772,0.4792,0,0,0.6024,0,1]},
{"frame":18,"values":[0.9996,-0.0242,-0.0145,0,-0.0006,0.4957,-0.8685,0,0.0282,0.8681,0.4955,0,0,0.6024,0,1]},
{"frame":19,"values":[0.9996,-0.024,-0.0148,0,-0.0006,0.5057,-0.8627,0,0.0282,0.8624,0.5054,0,0,0.6024,0,1]},
{"frame":20,"values":[0.9996,-0.024,-0.0148,0,-0.0006,0.5089,-0.8608,0,0.0282,0.8605,0.5087,0,0,0.6024,0,1]},
{"frame":21,"values":[0.9997,-0.0234,-0.0036,0,0.0087,0.5056,-0.8627,0,0.022,0.8624,0.5057,0,0,0.6024,0,1]},
{"frame":22,"values":[0.9993,-0.0212,0.0304,0,0.0369,0.4956,-0.8678,0,0.0033,0.8683,0.496,0,0,0.6024,0,1]},
{"frame":23,"values":[0.9962,-0.0169,0.0858,0,0.0834,0.4792,-0.8737,0,-0.0264,0.8775,0.4788,0,0,0.6024,0,1]},
{"frame":24,"values":[0.9874,-0.0096,0.1581,0,0.145,0.4578,-0.8772,0,-0.0639,0.889,0.4534,0,0,0.6024,0,1]},
{"frame":25,"values":[0.971,0.0007,0.2391,0,0.2151,0.4337,-0.875,0,-0.1043,0.901,0.421,0,0,0.6024,0,1]},
{"frame":26,"values":[0.948,0.0133,0.318,0,0.2849,0.4102,-0.8664,0,-0.142,0.9119,0.385,0,0,0.6024,0,1]},
{"frame":27,"values":[0.9224,0.0261,0.3854,0,0.3456,0.39,-0.8535,0,-0.1725,0.9205,0.3507,0,0,0.6024,0,1]},
{"frame":28,"values":[0.8996,0.0368,0.4351,0,0.3911,0.375,-0.8405,0,-0.1941,0.9263,0.323,0,0,0.6024,0,1]},
{"frame":29,"values":[0.8844,0.0438,0.4647,0,0.4186,0.3661,-0.8311,0,-0.2065,0.9295,0.3054,0,0,0.6024,0,1]},
{"frame":30,"values":[0.8791,0.0462,0.4744,0,0.4276,0.3632,-0.8278,0,-0.2105,0.9306,0.2995,0,0,0.6024,0,1]},
{"frame":31,"values":[0.8942,0.0473,0.4451,0,0.3996,0.3637,-0.8414,0,-0.2017,0.9303,0.3063,0,0,0.6024,0,1]},
{"frame":32,"values":[0.9342,0.0507,0.3531,0,0.3117,0.365,-0.8773,0,-0.1734,0.9296,0.3252,0,0,0.6024,0,1]},
{"frame":33,"values":[0.976,0.056,0.2105,0,0.176,0.3664,-0.9137,0,-0.1283,0.9288,0.3477,0,0,0.6024,0,1]},
{"frame":34,"values":[0.9963,0.0616,0.0605,0,0.0338,0.367,-0.9296,0,-0.0795,0.9282,0.3635,0,0,0.6024,0,1]},
{"frame":35,"values":[0.9963,0.0659,-0.0555,0,-0.0759,0.3669,-0.9272,0,-0.0408,0.9279,0.3705,0,0,0.6024,0,1]},
{"frame":36,"values":[0.9857,0.0696,-0.1538,0,-0.1686,0.3664,-0.915,0,-0.0073,0.9278,0.3729,0,0,0.6024,0,1]},
{"frame":37,"values":[0.9642,0.0734,-0.2548,0,-0.2637,0.3656,-0.8926,0,0.0277,0.9279,0.3719,0,0,0.6024,0,1]},
{"frame":38,"values":[0.9377,0.0765,-0.3389,0,-0.3427,0.3646,-0.8658,0,0.0574,0.928,0.3681,0,0,0.6024,0,1]},
{"frame":39,"values":[0.9176,0.0784,-0.3897,0,-0.3903,0.3639,-0.8457,0,0.0755,0.9281,0.3645,0,0,0.6024,0,1]},
{"frame":40,"values":[0.9108,0.079,-0.4053,0,-0.4049,0.3636,-0.8389,0,0.0811,0.9282,0.3631,0,0,0.6024,0,1]},
{"frame":41,"values":[0.9207,0.0781,-0.3824,0,-0.3834,0.364,-0.8488,0,0.0729,0.9281,0.3651,0,0,0.6024,0,1]},
{"frame":42,"values":[0.9478,0.0754,-0.3099,0,-0.3154,0.365,-0.8759,0,0.0471,0.928,0.3697,0,0,0.6024,0,1]},
{"frame":43,"values":[0.9781,0.0711,-0.1956,0,-0.208,0.3662,-0.907,0,0.0071,0.9278,0.3729,0,0,0.6024,0,1]},
{"frame":44,"values":[0.9954,0.0664,-0.0694,0,-0.089,0.3669,-0.926,0,-0.0361,0.9279,0.3711,0,0,0.6024,0,1]},
{"frame":45,"values":[0.9973,0.0624,0.0382,0,0.0127,0.367,-0.9301,0,-0.0721,0.9281,0.3652,0,0,0.6024,0,1]},
{"frame":46,"values":[0.9876,0.0584,0.1454,0,0.1142,0.3667,-0.9233,0,-0.1073,0.9285,0.3555,0,0,0.6024,0,1]},
{"frame":47,"values":[0.9614,0.0538,0.27,0,0.2326,0.3659,-0.9011,0,-0.1473,0.9291,0.3393,0,0,0.6024,0,1]},
{"frame":48,"values":[0.9229,0.0496,0.3819,0,0.3392,0.3647,-0.8672,0,-0.1823,0.9298,0.3197,0,0,0.6024,0,1]},
{"frame":49,"values":[0.8906,0.047,0.4523,0,0.4064,0.3636,-0.8382,0,-0.2038,0.9304,0.3047,0,0,0.6024,0,1]},
{"frame":50,"values":[0.8791,0.0462,0.4744,0,0.4276,0.3632,-0.8278,0,-0.2105,0.9306,0.2995,0,0,0.6024,0,1]}],"loopBehavior":1,"name":"anim","property":"_matrix"}},
{"name":"Bone.006","index":5,"matrix":[-0.9979,-0.0139,-0.0626,0,0.0103,0.9288,-0.3704,0,0.0633,-0.3703,-0.9268,0,0,1.0924,0,1],"rest":[-0.9979,-0.0139,-0.0626,0,0.0103,0.9288,-0.3704,0,0.0633,-0.3703,-0.9268,0,0,1.0924,0,1],"parentBoneIndex":4,"length":0.75
,"animation":{"dataType":3,"framePerSecond":24,"keys":[
{"frame":0,"values":[-0.9979,-0.0139,-0.0626,0,0.0103,0.9288,-0.3704,0,0.0633,-0.3703,-0.9268,0,0,1.0924,0,1]},
{"frame":21,"values":[-0.998,-0.0238,-0.0593,0,-0.0003,0.9298,-0.368,0,0.0638,-0.3673,-0.9279,0,0,1.0924,0,1]},
{"frame":22,"values":[-0.9973,-0.0541,-0.0491,0,-0.0328,0.9321,-0.3607,0,0.0653,-0.3581,-0.9314,0,0,1.0924,0,1]},
{"frame":23,"values":[-0.994,-0.1043,-0.0328,0,-0.0865,0.9335,-0.348,0,0.0669,-0.343,-0.9369,0,0,1.0924,0,1]},
{"frame":24,"values":[-0.9851,-0.1718,-0.0119,0,-0.1583,0.9307,-0.3298,0,0.0677,-0.323,-0.944,0,0,1.0924,0,1]},
{"frame":25,"values":[-0.9682,-0.2501,0.0111,0,-0.2413,0.9205,-0.3072,0,0.0667,-0.3001,-0.9516,0,0,1.0924,0,1]},
{"frame":26,"values":[-0.9432,-0.3306,0.0332,0,-0.3262,0.9021,-0.2824,0,0.0634,-0.2772,-0.9587,0,0,1.0924,0,1]},
{"frame":27,"values":[-0.913,-0.4045,0.0526,0,-0.4037,0.8776,-0.2584,0,0.0584,-0.2572,-0.9646,0,0,1.0924,0,1]},
{"frame":28,"values":[-0.8824,-0.4655,0.0682,0,-0.4675,0.8512,-0.2384,0,0.053,-0.2423,-0.9688,0,0,1.0924,0,1]},
{"frame":29,"values":[-0.856,-0.5108,0.0802,0,-0.5148,0.8274,-0.2245,0,0.0483,-0.2334,-0.9712,0,0,1.0924,0,1]},
{"frame":30,"values":[-0.837,-0.5399,0.0891,0,-0.5453,0.8095,-0.2177,0,0.0454,-0.2308,-0.9719,0,0,1.0924,0,1]},
{"frame":31,"values":[-0.8245,-0.5561,0.1048,0,-0.5644,0.795,-0.2222,0,0.0402,-0.2424,-0.9693,0,0,1.0924,0,1]},
{"frame":32,"values":[-0.8168,-0.5605,0.1366,0,-0.5762,0.7806,-0.2423,0,0.0292,-0.2766,-0.9606,0,0,1.0924,0,1]},
{"frame":33,"values":[-0.8136,-0.5534,0.1783,0,-0.5813,0.7666,-0.2728,0,0.0143,-0.3256,-0.9454,0,0,1.0924,0,1]},
{"frame":34,"values":[-0.8126,-0.5404,0.2182,0,-0.5828,0.7538,-0.3036,0,-0.0004,-0.3739,-0.9275,0,0,1.0924,0,1]},
{"frame":35,"values":[-0.8118,-0.5286,0.2481,0,-0.5838,0.7432,-0.3269,0,-0.0116,-0.4102,-0.9119,0,0,1.0924,0,1]},
{"frame":36,"values":[-0.8107,-0.5178,0.2733,0,-0.5851,0.7333,-0.3464,0,-0.0211,-0.4407,-0.8974,0,0,1.0924,0,1]},
{"frame":37,"values":[-0.8097,-0.5049,0.2992,0,-0.5861,0.7225,-0.3667,0,-0.031,-0.4723,-0.8809,0,0,1.0924,0,1]},
{"frame":38,"values":[-0.8089,-0.4926,0.3209,0,-0.5866,0.713,-0.3841,0,-0.0396,-0.499,-0.8657,0,0,1.0924,0,1]},
{"frame":39,"values":[-0.8084,-0.4844,0.3343,0,-0.5869,0.7069,-0.3949,0,-0.045,-0.5154,-0.8558,0,0,1.0924,0,1]},
{"frame":40,"values":[-0.8083,-0.4818,0.3384,0,-0.5869,0.7049,-0.3983,0,-0.0467,-0.5205,-0.8526,0,0,1.0924,0,1]},
{"frame":41,"values":[-0.8094,-0.4845,0.3318,0,-0.5855,0.7086,-0.3937,0,-0.0443,-0.5129,-0.8573,0,0,1.0924,0,1]},
{"frame":42,"values":[-0.8129,-0.4924,0.3111,0,-0.5813,0.7198,-0.3796,0,-0.037,-0.4894,-0.8713,0,0,1.0924,0,1]},
{"frame":43,"values":[-0.8177,-0.5033,0.2795,0,-0.5751,0.7358,-0.3576,0,-0.0257,-0.4532,-0.891,0,0,1.0924,0,1]},
{"frame":44,"values":[-0.8223,-0.5134,0.2454,0,-0.5689,0.7518,-0.3335,0,-0.0133,-0.4139,-0.9102,0,0,1.0924,0,1]},
{"frame":45,"values":[-0.8258,-0.5207,0.2164,0,-0.5639,0.7644,-0.3126,0,-0.0027,-0.3802,-0.9249,0,0,1.0924,0,1]},
{"frame":46,"values":[-0.829,-0.527,0.1872,0,-0.5592,0.7762,-0.2913,0,0.0082,-0.3461,-0.9382,0,0,1.0924,0,1]},
{"frame":47,"values":[-0.8324,-0.533,0.152,0,-0.5538,0.7893,-0.2652,0,0.0214,-0.3049,-0.9521,0,0,1.0924,0,1]},
{"frame":48,"values":[-0.835,-0.5373,0.1186,0,-0.5491,0.8005,-0.2401,0,0.0341,-0.2657,-0.9635,0,0,1.0924,0,1]},
{"frame":49,"values":[-0.8366,-0.5393,0.0964,0,-0.5462,0.8074,-0.2232,0,0.0426,-0.2394,-0.97,0,0,1.0924,0,1]},
{"frame":50,"values":[-0.837,-0.5399,0.0891,0,-0.5453,0.8095,-0.2177,0,0.0454,-0.2308,-0.9719,0,0,1.0924,0,1]}],"loopBehavior":1,"name":"anim","property":"_matrix"}},
{"name":"Bone.007","index":6,"matrix":[0.0048,0.0287,0.9996,0,0.9865,-0.164,0,0,0.1639,0.986,-0.0291,0,0,2,0,1],"rest":[0.0048,0.0287,0.9996,0,0.9865,-0.164,0,0,0.1639,0.986,-0.0291,0,0,2,0,1],"parentBoneIndex":0,"length":0.6541
,"animation":{"dataType":3,"framePerSecond":24,"keys":[
{"frame":0,"values":[0.0048,0.0287,0.9996,0,0.9865,-0.164,0,0,0.1639,0.986,-0.0291,0,0,2,0,1]},
{"frame":1,"values":[0.0047,0.0287,0.9996,0,0.987,-0.1609,0,0,0.1609,0.9865,-0.0291,0,0,2,0,1]},
{"frame":2,"values":[0.0044,0.0288,0.9996,0,0.9884,-0.1517,0,0,0.1516,0.988,-0.0291,0,0,2,0,1]},
{"frame":3,"values":[0.004,0.0288,0.9996,0,0.9906,-0.1367,0,0,0.1366,0.9902,-0.0291,0,0,2,0,1]},
{"frame":4,"values":[0.0034,0.0289,0.9996,0,0.9931,-0.1169,0,0,0.1169,0.9927,-0.0291,0,0,2,0,1]},
{"frame":5,"values":[0.0028,0.029,0.9996,0,0.9955,-0.0945,0,0,0.0945,0.9951,-0.0291,0,0,2,0,1]},
{"frame":6,"values":[0.0021,0.029,0.9996,0,0.9974,-0.072,0,0,0.072,0.997,-0.0291,0,0,2,0,1]},
{"frame":7,"values":[0.0015,0.0291,0.9996,0,0.9986,-0.0522,0,0,0.0521,0.9982,-0.0291,0,0,2,0,1]},
{"frame":8,"values":[0.0011,0.0291,0.9996,0,0.9993,-0.037,0,0,0.0369,0.9989,-0.0291,0,0,2,0,1]},
{"frame":9,"values":[0.0008,0.0291,0.9996,0,0.9996,-0.0276,0,0,0.0276,0.9992,-0.0291,0,0,2,0,1]},
{"frame":10,"values":[0.0007,0.0291,0.9996,0,0.9997,-0.0245,0,0,0.0245,0.9993,-0.0291,0,0,2,0,1]},
{"frame":11,"values":[0.0008,0.0291,0.9996,0,0.9996,-0.0276,0,0,0.0276,0.9992,-0.0291,0,0,2,0,1]},
{"frame":12,"values":[0.0011,0.0291,0.9996,0,0.9993,-0.037,0,0,0.0369,0.9989,-0.0291,0,0,2,0,1]},
{"frame":13,"values":[0.0015,0.0291,0.9996,0,0.9986,-0.0522,0,0,0.0521,0.9982,-0.0291,0,0,2,0,1]},
{"frame":14,"values":[0.0021,0.029,0.9996,0,0.9974,-0.072,0,0,0.072,0.997,-0.0291,0,0,2,0,1]},
{"frame":15,"values":[0.0028,0.029,0.9996,0,0.9955,-0.0945,0,0,0.0945,0.9951,-0.0291,0,0,2,0,1]},
{"frame":16,"values":[0.0034,0.0289,0.9996,0,0.9931,-0.1169,0,0,0.1169,0.9927,-0.0291,0,0,2,0,1]},
{"frame":17,"values":[0.004,0.0288,0.9996,0,0.9906,-0.1367,0,0,0.1366,0.9902,-0.0291,0,0,2,0,1]},
{"frame":18,"values":[0.0044,0.0288,0.9996,0,0.9884,-0.1517,0,0,0.1516,0.988,-0.0291,0,0,2,0,1]},
{"frame":19,"values":[0.0047,0.0287,0.9996,0,0.987,-0.1609,0,0,0.1609,0.9865,-0.0291,0,0,2,0,1]},
{"frame":20,"values":[0.0048,0.0287,0.9996,0,0.9865,-0.164,0,0,0.1639,0.986,-0.0291,0,0,2,0,1]},
{"frame":50,"values":[0.0048,0.0287,0.9996,0,0.9865,-0.164,0,0,0.1639,0.986,-0.0291,0,0,2,0,1]}],"loopBehavior":1,"name":"anim","property":"_matrix"}},
{"name":"Bone.008","index":7,"matrix":[0.9996,0,-0.0291,0,-0.0255,0.4844,-0.8745,0,0.0141,0.8748,0.4842,0,0,0.6541,0,1],"rest":[0.9996,0,-0.0291,0,-0.0255,0.4844,-0.8745,0,0.0141,0.8748,0.4842,0,0,0.6541,0,1],"parentBoneIndex":6,"length":1.0611
,"animation":{"dataType":3,"framePerSecond":24,"keys":[
{"frame":0,"values":[0.9996,0,-0.0291,0,-0.0255,0.4844,-0.8745,0,0.0141,0.8748,0.4842,0,0,0.6541,0,1]},
{"frame":1,"values":[0.9996,0,-0.0291,0,-0.0255,0.4797,-0.8771,0,0.014,0.8774,0.4795,0,0,0.6541,0,1]},
{"frame":2,"values":[0.9996,0,-0.0291,0,-0.0258,0.4653,-0.8848,0,0.0135,0.8852,0.4651,0,0,0.6541,0,1]},
{"frame":3,"values":[0.9996,0,-0.0291,0,-0.0261,0.4416,-0.8968,0,0.0129,0.8972,0.4415,0,0,0.6541,0,1]},
{"frame":4,"values":[0.9996,0,-0.0291,0,-0.0266,0.4102,-0.9116,0,0.0119,0.912,0.41,0,0,0.6541,0,1]},
{"frame":5,"values":[0.9996,0,-0.0291,0,-0.027,0.374,-0.9271,0,0.0109,0.9274,0.3738,0,0,0.6541,0,1]},
{"frame":6,"values":[0.9996,0,-0.0291,0,-0.0274,0.3371,-0.9411,0,0.0098,0.9415,0.337,0,0,0.6541,0,1]},
{"frame":7,"values":[0.9996,0,-0.0291,0,-0.0277,0.3042,-0.9522,0,0.0089,0.9526,0.3041,0,0,0.6541,0,1]},
{"frame":8,"values":[0.9996,0,-0.0291,0,-0.028,0.2788,-0.9599,0,0.0081,0.9603,0.2787,0,0,0.6541,0,1]},
{"frame":9,"values":[0.9996,0,-0.0291,0,-0.0281,0.2631,-0.9644,0,0.0077,0.9648,0.263,0,0,0.6541,0,1]},
{"frame":10,"values":[0.9996,0,-0.0291,0,-0.0281,0.2579,-0.9658,0,0.0075,0.9662,0.2578,0,0,0.6541,0,1]},
{"frame":11,"values":[0.9996,0,-0.0291,0,-0.0281,0.2631,-0.9644,0,0.0077,0.9648,0.263,0,0,0.6541,0,1]},
{"frame":12,"values":[0.9996,0,-0.0291,0,-0.028,0.2788,-0.9599,0,0.0081,0.9603,0.2787,0,0,0.6541,0,1]},
{"frame":13,"values":[0.9996,0,-0.0291,0,-0.0277,0.3042,-0.9522,0,0.0089,0.9526,0.3041,0,0,0.6541,0,1]},
{"frame":14,"values":[0.9996,0,-0.0291,0,-0.0274,0.3371,-0.9411,0,0.0098,0.9415,0.337,0,0,0.6541,0,1]},
{"frame":15,"values":[0.9996,0,-0.0291,0,-0.027,0.374,-0.9271,0,0.0109,0.9274,0.3738,0,0,0.6541,0,1]},
{"frame":16,"values":[0.9996,0,-0.0291,0,-0.0266,0.4102,-0.9116,0,0.0119,0.912,0.41,0,0,0.6541,0,1]},
{"frame":17,"values":[0.9996,0,-0.0291,0,-0.0261,0.4416,-0.8968,0,0.0129,0.8972,0.4415,0,0,0.6541,0,1]},
{"frame":18,"values":[0.9996,0,-0.0291,0,-0.0258,0.4653,-0.8848,0,0.0135,0.8852,0.4651,0,0,0.6541,0,1]},
{"frame":19,"values":[0.9996,0,-0.0291,0,-0.0255,0.4797,-0.8771,0,0.014,0.8774,0.4795,0,0,0.6541,0,1]},
{"frame":20,"values":[0.9996,0,-0.0291,0,-0.0255,0.4844,-0.8745,0,0.0141,0.8748,0.4842,0,0,0.6541,0,1]},
{"frame":21,"values":[0.9998,0.0012,-0.0186,0,-0.0169,0.4796,-0.8773,0,0.0079,0.8775,0.4796,0,0,0.6541,0,1]},
{"frame":22,"values":[0.9999,0.005,0.0131,0,0.0093,0.4651,-0.8852,0,-0.0105,0.8852,0.465,0,0,0.6541,0,1]},
{"frame":23,"values":[0.9978,0.0124,0.0646,0,0.0525,0.4414,-0.8958,0,-0.0396,0.8972,0.4397,0,0,0.6541,0,1]},
{"frame":24,"values":[0.991,0.0242,0.1316,0,0.1103,0.4103,-0.9053,0,-0.0759,0.9116,0.4039,0,0,0.6541,0,1]},
{"frame":25,"values":[0.9776,0.0403,0.2064,0,0.1766,0.3753,-0.9099,0,-0.1141,0.926,0.3598,0,0,0.6541,0,1]},
{"frame":26,"values":[0.9584,0.0592,0.2791,0,0.2434,0.3409,-0.908,0,-0.1489,0.9382,0.3123,0,0,0.6541,0,1]},
{"frame":27,"values":[0.9368,0.078,0.3411,0,0.3022,0.3113,-0.901,0,-0.1765,0.9471,0.268,0,0,0.6541,0,1]},
{"frame":28,"values":[0.9173,0.0938,0.3871,0,0.347,0.2891,-0.8922,0,-0.1956,0.9527,0.2327,0,0,0.6541,0,1]},
{"frame":29,"values":[0.9039,0.1041,0.415,0,0.3747,0.2756,-0.8852,0,-0.2065,0.9556,0.2101,0,0,0.6541,0,1]},
{"frame":30,"values":[0.8988,0.108,0.4248,0,0.3846,0.2708,-0.8825,0,-0.2103,0.9566,0.2019,0,0,0.6541,0,1]},
{"frame":31,"values":[0.9135,0.1098,0.3918,0,0.3518,0.271,-0.896,0,-0.2045,0.9563,0.2089,0,0,0.6541,0,1]},
{"frame":32,"values":[0.9517,0.1144,0.2849,0,0.2458,0.2722,-0.9303,0,-0.184,0.9554,0.2309,0,0,0.6541,0,1]},
{"frame":33,"values":[0.9855,0.1214,0.1184,0,0.0814,0.2734,-0.9584,0,-0.1487,0.9542,0.2596,0,0,0.6541,0,1]},
{"frame":34,"values":[0.9901,0.1286,-0.0556,0,-0.0893,0.2736,-0.9577,0,-0.1079,0.9532,0.2824,0,0,0.6541,0,1]},
{"frame":35,"values":[0.973,0.134,-0.1878,0,-0.2184,0.273,-0.9369,0,-0.0743,0.9526,0.2949,0,0,0.6541,0,1]},
{"frame":36,"values":[0.9446,0.1386,-0.2974,0,-0.3251,0.272,-0.9057,0,-0.0446,0.9523,0.302,0,0,0.6541,0,1]},
{"frame":37,"values":[0.9021,0.1431,-0.4072,0,-0.4314,0.2705,-0.8607,0,-0.013,0.952,0.3057,0,0,0.6541,0,1]},
{"frame":38,"values":[0.856,0.1468,-0.4957,0,-0.5168,0.2688,-0.8128,0,0.0139,0.9519,0.3059,0,0,0.6541,0,1]},
{"frame":39,"values":[0.8233,0.149,-0.5477,0,-0.5668,0.2676,-0.7792,0,0.0305,0.9519,0.3047,0,0,0.6541,0,1]},
{"frame":40,"values":[0.8125,0.1496,-0.5635,0,-0.5819,0.2672,-0.7681,0,0.0356,0.952,0.3042,0,0,0.6541,0,1]},
{"frame":41,"values":[0.8283,0.1486,-0.5402,0,-0.5595,0.2679,-0.7843,0,0.0281,0.9519,0.305,0,0,0.6541,0,1]},
{"frame":42,"values":[0.8733,0.1454,-0.4649,0,-0.4871,0.2697,-0.8306,0,0.0046,0.9519,0.3064,0,0,0.6541,0,1]},
{"frame":43,"values":[0.929,0.1402,-0.3425,0,-0.3687,0.272,-0.8889,0,-0.0315,0.952,0.3044,0,0,0.6541,0,1]},
{"frame":44,"values":[0.97,0.1343,-0.2028,0,-0.233,0.2737,-0.9332,0,-0.0698,0.9524,0.2968,0,0,0.6541,0,1]},
{"frame":45,"values":[0.9883,0.1291,-0.0809,0,-0.114,0.2745,-0.9548,0,-0.1011,0.9529,0.286,0,0,0.6541,0,1]},
{"frame":46,"values":[0.9914,0.1239,0.0423,0,0.0067,0.2746,-0.9615,0,-0.1308,0.9535,0.2714,0,0,0.6541,0,1]},
{"frame":47,"values":[0.9753,0.1179,0.187,0,0.1491,0.274,-0.9501,0,-0.1632,0.9545,0.2496,0,0,0.6541,0,1]},
{"frame":48,"values":[0.9416,0.1124,0.3173,0,0.2778,0.2726,-0.9211,0,-0.19,0.9555,0.2254,0,0,0.6541,0,1]},
{"frame":49,"values":[0.9104,0.109,0.3991,0,0.359,0.2713,-0.893,0,-0.2056,0.9563,0.2078,0,0,0.6541,0,1]},
{"frame":50,"values":[0.8988,0.108,0.4248,0,0.3846,0.2708,-0.8825,0,-0.2103,0.9566,0.2019,0,0,0.6541,0,1]}],"loopBehavior":1,"name":"anim","property":"_matrix"}},
{"name":"Bone.009","index":8,"matrix":[0.9999,0.0042,0.0118,0,0,0.9424,-0.3344,0,-0.0125,0.3344,0.9424,0,0,1.0611,0,1],"rest":[0.9999,0.0042,0.0118,0,0,0.9424,-0.3344,0,-0.0125,0.3344,0.9424,0,0,1.0611,0,1],"parentBoneIndex":7,"length":0.75
,"animation":{"dataType":3,"framePerSecond":24,"keys":[
{"frame":0,"values":[0.9999,0.0042,0.0118,0,0,0.9424,-0.3344,0,-0.0125,0.3344,0.9424,0,0,1.0611,0,1]},
{"frame":21,"values":[0.9998,-0.0033,0.0186,0,0.0094,0.9408,-0.3388,0,-0.0164,0.3389,0.9407,0,0,1.0611,0,1]},
{"frame":22,"values":[0.9989,-0.0258,0.0398,0,0.0382,0.9354,-0.3515,0,-0.0282,0.3526,0.9353,0,0,1.0611,0,1]},
{"frame":23,"values":[0.9951,-0.0629,0.0762,0,0.0869,0.9247,-0.3708,0,-0.0471,0.3756,0.9256,0,0,1.0611,0,1]},
{"frame":24,"values":[0.9856,-0.1117,0.1269,0,0.1533,0.9068,-0.3928,0,-0.0712,0.4066,0.9108,0,0,1.0611,0,1]},
{"frame":25,"values":[0.9677,-0.167,0.1887,0,0.2324,0.8808,-0.4125,0,-0.0973,0.4431,0.8912,0,0,1.0611,0,1]},
{"frame":26,"values":[0.9408,-0.2224,0.2557,0,0.3161,0.8481,-0.4253,0,-0.1223,0.4809,0.8682,0,0,1.0611,0,1]},
{"frame":27,"values":[0.9071,-0.2723,0.321,0,0.3956,0.8123,-0.4287,0,-0.144,0.5158,0.8445,0,0,1.0611,0,1]},
{"frame":28,"values":[0.8708,-0.3136,0.3787,0,0.4642,0.7782,-0.423,0,-0.162,0.5441,0.8232,0,0,1.0611,0,1]},
{"frame":29,"values":[0.8365,-0.3455,0.4253,0,0.5185,0.7501,-0.4105,0,-0.1772,0.5639,0.8066,0,0,1.0611,0,1]},
{"frame":30,"values":[0.8078,-0.369,0.4597,0,0.5578,0.7307,-0.3936,0,-0.1906,0.5744,0.7961,0,0,1.0611,0,1]},
{"frame":31,"values":[0.7833,-0.3885,0.4854,0,0.5862,0.7215,-0.3686,0,-0.207,0.5732,0.7928,0,0,1.0611,0,1]},
{"frame":32,"values":[0.7617,-0.4071,0.5041,0,0.6057,0.7236,-0.3309,0,-0.23,0.5574,0.7978,0,0,1.0611,0,1]},
{"frame":33,"values":[0.7456,-0.4239,0.5142,0,0.6152,0.7343,-0.2868,0,-0.256,0.5302,0.8083,0,0,1.0611,0,1]},
{"frame":34,"values":[0.7357,-0.4375,0.5171,0,0.6175,0.747,-0.2465,0,-0.2784,0.5006,0.8197,0,0,1.0611,0,1]},
{"frame":35,"values":[0.7303,-0.4477,0.516,0,0.617,0.7565,-0.217,0,-0.2932,0.4768,0.8287,0,0,1.0611,0,1]},
{"frame":36,"values":[0.727,-0.4565,0.513,0,0.6156,0.7642,-0.1924,0,-0.3042,0.4557,0.8366,0,0,1.0611,0,1]},
{"frame":37,"values":[0.7247,-0.4651,0.5084,0,0.6129,0.7723,-0.1671,0,-0.3149,0.4327,0.8448,0,0,1.0611,0,1]},
{"frame":38,"values":[0.7236,-0.4721,0.5035,0,0.6097,0.7791,-0.1456,0,-0.3236,0.4124,0.8516,0,0,1.0611,0,1]},
{"frame":39,"values":[0.7233,-0.4762,0.5001,0,0.6073,0.7834,-0.1323,0,-0.3287,0.3994,0.8558,0,0,1.0611,0,1]},
{"frame":40,"values":[0.7233,-0.4775,0.4989,0,0.6065,0.7847,-0.1282,0,-0.3303,0.3952,0.8571,0,0,1.0611,0,1]},
{"frame":41,"values":[0.7257,-0.4743,0.4983,0,0.6057,0.784,-0.1359,0,-0.3262,0.4004,0.8563,0,0,1.0611,0,1]},
{"frame":42,"values":[0.7333,-0.4647,0.4963,0,0.6032,0.7815,-0.1595,0,-0.3137,0.4164,0.8534,0,0,1.0611,0,1]},
{"frame":43,"values":[0.7446,-0.4502,0.4928,0,0.5987,0.7769,-0.1949,0,-0.2951,0.4402,0.848,0,0,1.0611,0,1]},
{"frame":44,"values":[0.7565,-0.435,0.4883,0,0.5931,0.7709,-0.2323,0,-0.2754,0.4654,0.8412,0,0,1.0611,0,1]},
{"frame":45,"values":[0.7664,-0.4223,0.484,0,0.5878,0.7649,-0.2634,0,-0.259,0.4864,0.8345,0,0,1.0611,0,1]},
{"frame":46,"values":[0.7762,-0.4097,0.4792,0,0.5818,0.7582,-0.2942,0,-0.2428,0.5072,0.8269,0,0,1.0611,0,1]},
{"frame":47,"values":[0.7878,-0.3948,0.4728,0,0.5739,0.7493,-0.3306,0,-0.2237,0.5317,0.8168,0,0,1.0611,0,1]},
{"frame":48,"values":[0.7985,-0.381,0.4661,0,0.5657,0.7398,-0.3643,0,-0.206,0.5545,0.8063,0,0,1.0611,0,1]},
{"frame":49,"values":[0.8055,-0.372,0.4613,0,0.5598,0.733,-0.3865,0,-0.1944,0.5695,0.7987,0,0,1.0611,0,1]},
{"frame":50,"values":[0.8078,-0.369,0.4597,0,0.5578,0.7307,-0.3936,0,-0.1906,0.5744,0.7961,0,0,1.0611,0,1]}],"loopBehavior":1,"name":"anim","property":"_matrix"}},
{"name":"Bone.010","index":9,"matrix":[0,0.0096,1,0,-1,0,0,0,0,1,-0.0096,0,0,2.6073,0,1],"rest":[0,0.0096,1,0,-1,0,0,0,0,1,-0.0096,0,0,2.6073,0,1],"parentBoneIndex":-1,"length":0.3075
,"animation":{"dataType":3,"framePerSecond":24,"keys":[
{"frame":0,"values":[0,0.0096,1,0,-1,0,0,0,0,1,-0.0096,0,0,2.6073,0,1]},
{"frame":21,"values":[0,0.0096,1,0,-1,0,0,0,0,1,-0.0096,0,0,2.6049,0,1]},
{"frame":22,"values":[0,0.0096,1,0,-1,0,0,0,0,1,-0.0096,0,0,2.5977,0,1]},
{"frame":23,"values":[0,0.0096,1,0,-1,0,0,0,0,1,-0.0096,0,0,2.5861,0,1]},
{"frame":24,"values":[0,0.0096,1,0,-1,0,0,0,0,1,-0.0096,0,0,2.5709,0,1]},
{"frame":25,"values":[0,0.0096,1,0,-1,0,0,0,0,1,-0.0096,0,0,2.5537,0,1]},
{"frame":26,"values":[0,0.0096,1,0,-1,0,0,0,0,1,-0.0096,0,0,2.5364,0,1]},
{"frame":27,"values":[0,0.0096,1,0,-1,0,0,0,0,1,-0.0096,0,0,2.5212,0,1]},
{"frame":28,"values":[0,0.0096,1,0,-1,0,0,0,0,1,-0.0096,0,0,2.5096,0,1]},
{"frame":29,"values":[0,0.0096,1,0,-1,0,0,0,0,1,-0.0096,0,0,2.5024,0,1]},
{"frame":30,"values":[0,0.0096,1,0,-1,0,0,0,0,1,-0.0096,0,0,2.5,0,1]},
{"frame":31,"values":[0,0.0096,1,0,-1,0,0,0,0,1,-0.0096,0,0,2.5096,0,1]},
{"frame":32,"values":[0,0.0096,1,0,-1,0,0,0,0,1,-0.0096,0,0,2.5364,0,1]},
{"frame":33,"values":[0,0.0096,1,0,-1,0,0,0,0,1,-0.0096,0,0,2.5709,0,1]},
{"frame":34,"values":[0,0.0096,1,0,-1,0,0,0,0,1,-0.0096,0,0,2.5977,0,1]},
{"frame":35,"values":[0,0.0096,1,0,-1,0,0,0,0,1,-0.0096,0,0,2.6073,0,1]},
{"frame":36,"values":[0,0.0096,1,0,-1,0,0,0,0,1,-0.0096,0,0,2.5986,0,1]},
{"frame":37,"values":[0,0.0096,1,0,-1,0,0,0,0,1,-0.0096,0,0,2.574,0,1]},
{"frame":38,"values":[0,0.0096,1,0,-1,0,0,0,0,1,-0.0096,0,0,2.5425,0,1]},
{"frame":39,"values":[0,0.0096,1,0,-1,0,0,0,0,1,-0.0096,0,0,2.518,0,1]},
{"frame":40,"values":[0,0.0096,1,0,-1,0,0,0,0,1,-0.0096,0,0,2.5093,0,1]},
{"frame":41,"values":[0,0.0096,1,0,-1,0,0,0,0,1,-0.0096,0,0,2.518,0,1]},
{"frame":42,"values":[0,0.0096,1,0,-1,0,0,0,0,1,-0.0096,0,0,2.5425,0,1]},
{"frame":43,"values":[0,0.0096,1,0,-1,0,0,0,0,1,-0.0096,0,0,2.574,0,1]},
{"frame":44,"values":[0,0.0096,1,0,-1,0,0,0,0,1,-0.0096,0,0,2.5986,0,1]},
{"frame":45,"values":[0,0.0096,1,0,-1,0,0,0,0,1,-0.0096,0,0,2.6073,0,1]},
{"frame":46,"values":[0,0.0096,1,0,-1,0,0,0,0,1,-0.0096,0,0,2.5977,0,1]},
{"frame":47,"values":[0,0.0096,1,0,-1,0,0,0,0,1,-0.0096,0,0,2.5709,0,1]},
{"frame":48,"values":[0,0.0096,1,0,-1,0,0,0,0,1,-0.0096,0,0,2.5364,0,1]},
{"frame":49,"values":[0,0.0096,1,0,-1,0,0,0,0,1,-0.0096,0,0,2.5096,0,1]},
{"frame":50,"values":[0,0.0096,1,0,-1,0,0,0,0,1,-0.0096,0,0,2.5,0,1]}],"loopBehavior":1,"name":"anim","property":"_matrix"}},
{"name":"Bone.011","index":10,"matrix":[0.9999,0.0098,-0.0075,0,-0.0094,0.2086,-0.978,0,-0.008,0.978,0.2087,0,0,0.3075,0,1],"rest":[0.9999,0.0098,-0.0075,0,-0.0094,0.2086,-0.978,0,-0.008,0.978,0.2087,0,0,0.3075,0,1],"parentBoneIndex":9,"length":1.1322
,"animation":{"dataType":3,"framePerSecond":24,"keys":[
{"frame":0,"values":[0.9999,0.0098,-0.0075,0,-0.0094,0.2086,-0.978,0,-0.008,0.978,0.2087,0,0,0.3075,0,1]},
{"frame":21,"values":[0.9998,0.0019,-0.0215,0,-0.0215,0.2039,-0.9788,0,0.0025,0.979,0.2039,0,0,0.3075,0,1]},
{"frame":22,"values":[0.9977,-0.0224,-0.0637,0,-0.0583,0.1903,-0.98,0,0.0341,0.9815,0.1886,0,0,0.3075,0,1]},
{"frame":23,"values":[0.9892,-0.0635,-0.1318,0,-0.1195,0.1699,-0.9782,0,0.0845,0.9834,0.1605,0,0,0.3075,0,1]},
{"frame":24,"values":[0.9683,-0.1196,-0.2191,0,-0.201,0.1467,-0.9685,0,0.148,0.9819,0.118,0,0,0.3075,0,1]},
{"frame":25,"values":[0.9314,-0.1853,-0.3133,0,-0.2937,0.126,-0.9476,0,0.2151,0.9746,0.0629,0,0,0.3075,0,1]},
{"frame":26,"values":[0.881,-0.2517,-0.4006,0,-0.3847,0.1116,-0.9163,0,0.2754,0.9613,0.0015,0,0,0.3075,0,1]},
{"frame":27,"values":[0.8264,-0.3098,-0.4702,0,-0.4619,0.1044,-0.8807,0,0.322,0.9451,-0.0568,0,0,0.3075,0,1]},
{"frame":28,"values":[0.7791,-0.3531,-0.518,0,-0.5181,0.1024,-0.8491,0,0.3529,0.93,-0.1032,0,0,0.3075,0,1]},
{"frame":29,"values":[0.7479,-0.3791,-0.5449,0,-0.5512,0.1026,-0.828,0,0.3698,0.9196,-0.1322,0,0,0.3075,0,1]},
{"frame":30,"values":[0.7372,-0.3876,-0.5534,0,-0.562,0.103,-0.8207,0,0.3751,0.9161,-0.1419,0,0,0.3075,0,1]},
{"frame":31,"values":[0.7506,-0.3834,-0.5382,0,-0.5443,0.1031,-0.8326,0,0.3746,0.9178,-0.1313,0,0,0.3075,0,1]},
{"frame":32,"values":[0.79,-0.3705,-0.4885,0,-0.4875,0.1037,-0.8669,0,0.3718,0.923,-0.0987,0,0,0.3075,0,1]},
{"frame":33,"values":[0.8434,-0.3514,-0.4065,0,-0.3958,0.1052,-0.9123,0,0.3633,0.9303,-0.0503,0,0,0.3075,0,1]},
{"frame":34,"values":[0.8907,-0.332,-0.3105,0,-0.2913,0.1074,-0.9506,0,0.349,0.9371,-0.001,0,0,0.3075,0,1]},
{"frame":35,"values":[0.9216,-0.3173,-0.2236,0,-0.199,0.1084,-0.974,0,0.3333,0.9421,0.0368,0,0,0.3075,0,1]},
{"frame":36,"values":[0.9432,-0.3048,-0.132,0,-0.1038,0.107,-0.9888,0,0.3156,0.9464,0.0693,0,0,0.3075,0,1]},
{"frame":37,"values":[0.9564,-0.2915,-0.0203,0,0.0105,0.1038,-0.9945,0,0.292,0.9509,0.1023,0,0,0.3075,0,1]},
{"frame":38,"values":[0.9564,-0.2797,0.0844,0,0.1165,0.1003,-0.9881,0,0.2679,0.9548,0.1285,0,0,0.3075,0,1]},
{"frame":39,"values":[0.9501,-0.2721,0.1526,0,0.1851,0.0979,-0.9778,0,0.2512,0.9573,0.1433,0,0,0.3075,0,1]},
{"frame":40,"values":[0.947,-0.2697,0.1745,0,0.207,0.097,-0.9735,0,0.2456,0.958,0.1477,0,0,0.3075,0,1]},
{"frame":41,"values":[0.9521,-0.2734,0.1371,0,0.1693,0.0977,-0.9807,0,0.2547,0.9569,0.1393,0,0,0.3075,0,1]},
{"frame":42,"values":[0.9584,-0.2844,0.0231,0,0.0537,0.1001,-0.9935,0,0.2803,0.9535,0.1112,0,0,0.3075,0,1]},
{"frame":43,"values":[0.9431,-0.3004,-0.1427,0,-0.1159,0.1052,-0.9877,0,0.3117,0.948,0.0644,0,0,0.3075,0,1]},
{"frame":44,"values":[0.9005,-0.3158,-0.2988,0,-0.2775,0.1115,-0.9542,0,0.3347,0.9422,0.0128,0,0,0.3075,0,1]},
{"frame":45,"values":[0.8562,-0.3273,-0.3998,0,-0.3837,0.1155,-0.9162,0,0.3461,0.9378,-0.0267,0,0,0.3075,0,1]},
{"frame":46,"values":[0.819,-0.3393,-0.4628,0,-0.4519,0.1156,-0.8845,0,0.3536,0.9335,-0.0587,0,0,0.3075,0,1]},
{"frame":47,"values":[0.7834,-0.3557,-0.5097,0,-0.5055,0.1126,-0.8554,0,0.3616,0.9278,-0.0916,0,0,0.3075,0,1]},
{"frame":48,"values":[0.7563,-0.3722,-0.538,0,-0.5404,0.1081,-0.8344,0,0.3687,0.9218,-0.1194,0,0,0.3075,0,1]},
{"frame":49,"values":[0.7414,-0.3838,-0.5505,0,-0.5575,0.1043,-0.8236,0,0.3735,0.9175,-0.1366,0,0,0.3075,0,1]},
{"frame":50,"values":[0.7372,-0.3876,-0.5534,0,-0.562,0.103,-0.8207,0,0.3751,0.9161,-0.1419,0,0,0.3075,0,1]}],"loopBehavior":1,"name":"anim","property":"_matrix"}},
{"name":"Bone.012","index":11,"matrix":[0.9998,-0.002,-0.021,0,-0.0018,0.9834,-0.1814,0,0.021,0.1814,0.9832,0,0,1.1322,0,1],"rest":[0.9998,-0.002,-0.021,0,-0.0018,0.9834,-0.1814,0,0.021,0.1814,0.9832,0,0,1.1322,0,1],"parentBoneIndex":10,"length":1.2505
,"animation":{"dataType":3,"framePerSecond":24,"keys":[
{"frame":0,"values":[0.9998,-0.002,-0.021,0,-0.0018,0.9834,-0.1814,0,0.021,0.1814,0.9832,0,0,1.1322,0,1]},
{"frame":21,"values":[0.9998,-0.0121,-0.0157,0,0.0092,0.9842,-0.1766,0,0.0176,0.1764,0.9842,0,0,1.1322,0,1]},
{"frame":22,"values":[0.9991,-0.0429,0,0,0.0424,0.986,-0.1615,0,0.0069,0.1613,0.9869,0,0,1.1322,0,1]},
{"frame":23,"values":[0.9953,-0.094,0.0248,0,0.0965,0.986,-0.1356,0,-0.0117,0.1374,0.9905,0,0,1.1322,0,1]},
{"frame":24,"values":[0.9852,-0.1623,0.0555,0,0.1672,0.9809,-0.0994,0,-0.0383,0.1072,0.9935,0,0,1.1322,0,1]},
{"frame":25,"values":[0.9666,-0.2411,0.0874,0,0.2464,0.9676,-0.0555,0,-0.0712,0.0752,0.9946,0,0,1.1322,0,1]},
{"frame":26,"values":[0.9401,-0.3207,0.116,0,0.3238,0.9461,-0.0088,0,-0.1069,0.0459,0.9932,0,0,1.1322,0,1]},
{"frame":27,"values":[0.9098,-0.3913,0.1382,0,0.3905,0.92,0.0342,0,-0.1406,0.0229,0.9898,0,0,1.1322,0,1]},
