{"producer":{"name":"Blender","version":"2.78 (sub 0)","exporter_version":"5.4.0","file":"person4.babylon"},
"autoClear":true,"clearColor":[0.0509,0.0509,0.0509],"ambientColor":[0,0,0],"gravity":[0,-9.81,0],
"materials":[{"name":"person4.Material.001","id":"person4.Material.001","ambient":[0.8,0.5387,0.5206],"diffuse":[0.64,0.431,0.4165],"specular":[0.5,0.5,0.5],"emissive":[0,0,0],"specularPower":50,"alpha":1,"backFaceCulling":true,"checkReadyOnlyOnce":false,"maxSimultaneousLights":4}],
"multiMaterials":[],
"skeletons":[{"name":"Armature","id":0,"dimensionsAtRest":[2,5.5,0],"bones":[
{"name":"Bone","index":0,"matrix":[1,0,0,0,0,1,0,0,0,0,-1,0,0,2.5,0,1],"rest":[1,0,0,0,0,1,0,0,0,0,-1,0,0,2.5,0,1],"parentBoneIndex":-1,"length":2
,"animation":{"dataType":3,"framePerSecond":24,"keys":[
{"frame":0,"values":[1,0,0,0,0,1,0,0,0,0,-1,0,0,2.5,0,1]},
{"frame":21,"values":[1,0,0,0,0,1,0,0,0,0,-1,0,0,2.5,0,1]}],"loopBehavior":1,"name":"anim","property":"_matrix"}},
{"name":"Bone.002","index":1,"matrix":[0.0204,0,0.9998,0,0,1,0,0,-0.9998,0,0.0204,0,0,2,0,1],"rest":[0.0204,0,0.9998,0,0,1,0,0,-0.9998,0,0.0204,0,0,2,0,1],"parentBoneIndex":0,"length":0.5
,"animation":{"dataType":3,"framePerSecond":24,"keys":[
{"frame":0,"values":[0.0204,0,0.9998,0,0,1,0,0,-0.9998,0,0.0204,0,0,2,0,1]},
{"frame":21,"values":[0.0204,0,0.9998,0,0,1,0,0,-0.9998,0,0.0204,0,0,2,0,1]}],"loopBehavior":1,"name":"anim","property":"_matrix"}},
{"name":"Bone.003","index":2,"matrix":[-0.9989,0,-0.0471,0,0,1,0,0,0.0471,0,-0.9989,0,0,0.5,0,1],"rest":[-0.9989,0,-0.0471,0,0,1,0,0,0.0471,0,-0.9989,0,0,0.5,0,1],"parentBoneIndex":1,"length":0.75
,"animation":{"dataType":3,"framePerSecond":24,"keys":[
{"frame":0,"values":[-0.9989,0,-0.0471,0,0,1,0,0,0.0471,0,-0.9989,0,0,0.5,0,1]},
{"frame":21,"values":[-0.9989,0,-0.0471,0,0,1,0,0,0.0471,0,-0.9989,0,0,0.5,0,1]}],"loopBehavior":1,"name":"anim","property":"_matrix"}},
{"name":"Bone.004","index":3,"matrix":[0,0.0007,-1,0,-0.9995,0.0326,0,0,0.0326,0.9995,0.0007,0,0,2,0,1],"rest":[0,0.0007,-1,0,-0.9995,0.0326,0,0,0.0326,0.9995,0.0007,0,0,2,0,1],"parentBoneIndex":0,"length":0.4502
,"animation":{"dataType":3,"framePerSecond":24,"keys":[
{"frame":0,"values":[0,0.0007,-1,0,-0.9995,0.0326,0,0,0.0326,0.9995,0.0007,0,0,2,0,1]},
{"frame":21,"values":[0,0.0007,-1,0,-0.9995,0.0326,0,0,0.0326,0.9995,0.0007,0,0,2,0,1]}],"loopBehavior":1,"name":"anim","property":"_matrix"}},
{"name":"Bone.005","index":4,"matrix":[0.9996,-0.0249,-0.0131,0,-0.0006,0.4477,-0.8942,0,0.0282,0.8939,0.4475,0,0,0.4502,0,1],"rest":[0.9996,-0.0249,-0.0131,0,-0.0006,0.4477,-0.8942,0,0.0282,0.8939,0.4475,0,0,0.4502,0,1],"parentBoneIndex":3,"length":1.1541
,"animation":{"dataType":3,"framePerSecond":24,"keys":[
{"frame":0,"values":[0.9996,-0.0249,-0.0131,0,-0.0006,0.4477,-0.8942,0,0.0282,0.8939,0.4475,0,0,0.4502,0,1]},
{"frame":1,"values":[0.8574,-0.0077,0.5146,0,0.4621,0.4519,-0.7631,0,-0.2267,0.892,0.3911,0,0,0.4502,0,1]},
{"frame":2,"values":[0.8869,-0.0094,0.4619,0,0.416,0.4511,-0.7896,0,-0.2009,0.8924,0.404,0,0,0.4502,0,1]},
{"frame":3,"values":[0.9373,-0.0131,0.3484,0,0.3167,0.4496,-0.8352,0,-0.1457,0.8931,0.4255,0,0,0.4502,0,1]},
{"frame":4,"values":[0.9787,-0.0178,0.2045,0,0.1906,0.4483,-0.8733,0,-0.0761,0.8937,0.4422,0,0,0.4502,0,1]},
{"frame":5,"values":[0.9985,-0.0229,0.0488,0,0.0539,0.4477,-0.8926,0,-0.0014,0.8939,0.4483,0,0,0.4502,0,1]},
{"frame":6,"values":[0.9943,-0.0278,-0.103,0,-0.0797,0.4478,-0.8906,0,0.0709,0.8937,0.443,0,0,0.4502,0,1]},
{"frame":7,"values":[0.9706,-0.0323,-0.2386,0,-0.1993,0.4484,-0.8713,0,0.1351,0.8933,0.4288,0,0,0.4502,0,1]},
{"frame":8,"values":[0.9361,-0.0359,-0.3498,0,-0.2976,0.4493,-0.8423,0,0.1874,0.8926,0.41,0,0,0.4502,0,1]},
{"frame":9,"values":[0.9009,-0.0386,-0.4324,0,-0.3706,0.4503,-0.8123,0,0.226,0.892,0.3914,0,0,0.4502,0,1]},
{"frame":10,"values":[0.8742,-0.0402,-0.484,0,-0.4163,0.4511,-0.7895,0,0.2501,0.8916,0.3775,0,0,0.4502,0,1]},
{"frame":11,"values":[0.8638,-0.0408,-0.5021,0,-0.4324,0.4513,-0.7806,0,0.2585,0.8914,0.3722,0,0,0.4502,0,1]},
{"frame":12,"values":[0.875,-0.0402,-0.4824,0,-0.4149,0.451,-0.7902,0,0.2494,0.8916,0.378,0,0,0.4502,0,1]},
{"frame":13,"values":[0.9062,-0.0382,-0.4211,0,-0.3606,0.4502,-0.8169,0,0.2208,0.8921,0.3942,0,0,0.4502,0,1]},
{"frame":14,"values":[0.9484,-0.0347,-0.3151,0,-0.2668,0.449,-0.8528,0,0.1711,0.8929,0.4166,0,0,0.4502,0,1]},
{"frame":15,"values":[0.9855,-0.0299,-0.1673,0,-0.1364,0.448,-0.8836,0,0.1014,0.8935,0.4374,0,0,0.4502,0,1]},
{"frame":16,"values":[0.9997,-0.0242,0.0071,0,0.0172,0.4477,-0.894,0,0.0185,0.8939,0.4479,0,0,0.4502,0,1]},
{"frame":17,"values":[0.9832,-0.0186,0.1813,0,0.1703,0.4482,-0.8776,0,-0.065,0.8937,0.4439,0,0,0.4502,0,1]},
{"frame":18,"values":[0.9443,-0.0138,0.3287,0,0.2995,0.4494,-0.8416,0,-0.1361,0.8932,0.4285,0,0,0.4502,0,1]},
{"frame":19,"values":[0.9008,-0.0103,0.4341,0,0.3918,0.4507,-0.8021,0,-0.1874,0.8926,0.41,0,0,0.4502,0,1]},
{"frame":20,"values":[0.8688,-0.0083,0.4951,0,0.445,0.4516,-0.7733,0,-0.2171,0.8922,0.3961,0,0,0.4502,0,1]},
{"frame":21,"values":[0.8574,-0.0077,0.5146,0,0.4621,0.4519,-0.7631,0,-0.2267,0.892,0.3911,0,0,0.4502,0,1]}],"loopBehavior":1,"name":"anim","property":"_matrix"}},
{"name":"Bone.006","index":5,"matrix":[-0.998,-0.0179,-0.0608,0,0.0133,0.8792,-0.4764,0,0.0619,-0.4762,-0.8771,0,0,1.1541,0,1],"rest":[-0.998,-0.0179,-0.0608,0,0.0133,0.8792,-0.4764,0,0.0619,-0.4762,-0.8771,0,0,1.1541,0,1],"parentBoneIndex":4,"length":0.75
,"animation":{"dataType":3,"framePerSecond":24,"keys":[
{"frame":0,"values":[-0.998,-0.0179,-0.0608,0,0.0133,0.8792,-0.4764,0,0.0619,-0.4762,-0.8771,0,0,1.1541,0,1]},
{"frame":1,"values":[-0.6106,-0.7197,0.3306,0,-0.7906,0.5288,-0.3088,0,0.0474,-0.4499,-0.8918,0,0,1.1541,0,1]},
{"frame":21,"values":[-0.6106,-0.7197,0.3306,0,-0.7906,0.5288,-0.3088,0,0.0474,-0.4499,-0.8918,0,0,1.1541,0,1]}],"loopBehavior":1,"name":"anim","property":"_matrix"}},
{"name":"Bone.007","index":6,"matrix":[0,0.0291,0.9996,0,1,0,0,0,0,0.9996,-0.0291,0,0,2,0,1],"rest":[0,0.0291,0.9996,0,1,0,0,0,0,0.9996,-0.0291,0,0,2,0,1],"parentBoneIndex":0,"length":0.5
,"animation":{"dataType":3,"framePerSecond":24,"keys":[
{"frame":0,"values":[0,0.0291,0.9996,0,1,0,0,0,0,0.9996,-0.0291,0,0,2,0,1]},
{"frame":21,"values":[0,0.0291,0.9996,0,1,0,0,0,0,0.9996,-0.0291,0,0,2,0,1]}],"loopBehavior":1,"name":"anim","property":"_matrix"}},
{"name":"Bone.008","index":7,"matrix":[0.9996,0,-0.0291,0,-0.026,0.4472,-0.894,0,0.013,0.8944,0.447,0,0,0.5,0,1],"rest":[0.9996,0,-0.0291,0,-0.026,0.4472,-0.894,0,0.013,0.8944,0.447,0,0,0.5,0,1],"parentBoneIndex":6,"length":1.118
,"animation":{"dataType":3,"framePerSecond":24,"keys":[
{"frame":0,"values":[0.9996,0,-0.0291,0,-0.026,0.4472,-0.894,0,0.013,0.8944,0.447,0,0,0.5,0,1]},
{"frame":1,"values":[0.8705,0,0.4922,0,0.4402,0.4472,-0.7786,0,-0.2201,0.8944,0.3893,0,0,0.5,0,1]},
{"frame":2,"values":[0.9032,0,0.4291,0,0.3838,0.4472,-0.8079,0,-0.1919,0.8944,0.4039,0,0,0.5,0,1]},
{"frame":3,"values":[0.9607,0,0.2777,0,0.2483,0.4472,-0.8593,0,-0.1242,0.8944,0.4296,0,0,0.5,0,1]},
{"frame":4,"values":[0.9969,0,0.0792,0,0.0709,0.4472,-0.8916,0,-0.0354,0.8944,0.4458,0,0,0.5,0,1]},
{"frame":5,"values":[0.9909,0,-0.1347,0,-0.1204,0.4472,-0.8863,0,0.0602,0.8944,0.4431,0,0,0.5,0,1]},
{"frame":6,"values":[0.9422,0,-0.3352,0,-0.2998,0.4472,-0.8427,0,0.1499,0.8944,0.4213,0,0,0.5,0,1]},
{"frame":7,"values":[0.8647,0,-0.5023,0,-0.4493,0.4472,-0.7734,0,0.2246,0.8944,0.3867,0,0,0.5,0,1]},
{"frame":8,"values":[0.7782,0,-0.628,0,-0.5617,0.4472,-0.6961,0,0.2809,0.8944,0.348,0,0,0.5,0,1]},
{"frame":9,"values":[0.701,0,-0.7132,0,-0.6379,0.4472,-0.627,0,0.3189,0.8944,0.3135,0,0,0.5,0,1]},
{"frame":10,"values":[0.6471,0,-0.7624,0,-0.6819,0.4472,-0.5787,0,0.341,0.8944,0.2894,0,0,0.5,0,1]},
{"frame":11,"values":[0.627,0,-0.779,0,-0.6967,0.4472,-0.5608,0,0.3484,0.8944,0.2804,0,0,0.5,0,1]},
{"frame":12,"values":[0.6493,0,-0.7606,0,-0.6803,0.4472,-0.5807,0,0.3401,0.8944,0.2904,0,0,0.5,0,1]},
{"frame":13,"values":[0.714,0,-0.7002,0,-0.6263,0.4472,-0.6386,0,0.3131,0.8944,0.3193,0,0,0.5,0,1]},
{"frame":14,"values":[0.81,0,-0.5864,0,-0.5245,0.4472,-0.7245,0,0.2622,0.8944,0.3623,0,0,0.5,0,1]},
{"frame":15,"values":[0.9114,0,-0.4116,0,-0.3682,0.4472,-0.8151,0,0.1841,0.8944,0.4076,0,0,0.5,0,1]},
{"frame":16,"values":[0.9821,0,-0.1881,0,-0.1682,0.4472,-0.8785,0,0.0841,0.8944,0.4392,0,0,0.5,0,1]},
{"frame":17,"values":[0.999,0,0.0457,0,0.0409,0.4472,-0.8935,0,-0.0205,0.8944,0.4467,0,0,0.5,0,1]},
{"frame":18,"values":[0.9694,0,0.2456,0,0.2197,0.4472,-0.867,0,-0.1098,0.8944,0.4335,0,0,0.5,0,1]},
{"frame":19,"values":[0.9222,0,0.3868,0,0.346,0.4472,-0.8248,0,-0.173,0.8944,0.4124,0,0,0.5,0,1]},
{"frame":20,"values":[0.8843,0,0.4668,0,0.4176,0.4472,-0.791,0,-0.2088,0.8944,0.3955,0,0,0.5,0,1]},
{"frame":21,"values":[0.8705,0,0.4922,0,0.4402,0.4472,-0.7786,0,-0.2201,0.8944,0.3893,0,0,0.5,0,1]}],"loopBehavior":1,"name":"anim","property":"_matrix"}},
{"name":"Bone.009","index":8,"matrix":[0.9999,0.0056,0.0112,0,0,0.8944,-0.4472,0,-0.0125,0.4472,0.8944,0,0,1.118,0,1],"rest":[0.9999,0.0056,0.0112,0,0,0.8944,-0.4472,0,-0.0125,0.4472,0.8944,0,0,1.118,0,1],"parentBoneIndex":7,"length":0.75
,"animation":{"dataType":3,"framePerSecond":24,"keys":[
{"frame":0,"values":[0.9999,0.0056,0.0112,0,0,0.8944,-0.4472,0,-0.0125,0.4472,0.8944,0,0,1.118,0,1]},
{"frame":1,"values":[0.7909,-0.5416,0.2848,0,0.6119,0.7075,-0.3537,0,-0.0099,0.454,0.8909,0,0,1.118,0,1]},
{"frame":21,"values":[0.7909,-0.5416,0.2848,0,0.6119,0.7075,-0.3537,0,-0.0099,0.454,0.8909,0,0,1.118,0,1]}],"loopBehavior":1,"name":"anim","property":"_matrix"}},
{"name":"Bone.010","index":9,"matrix":[0,0.0096,1,0,-1,0,0,0,0,1,-0.0096,0,0,2.5,0,1],"rest":[0,0.0096,1,0,-1,0,0,0,0,1,-0.0096,0,0,2.5,0,1],"parentBoneIndex":-1,"length":0.5
,"animation":{"dataType":3,"framePerSecond":24,"keys":[
{"frame":0,"values":[0,0.0096,1,0,-1,0,0,0,0,1,-0.0096,0,0,2.5,0,1]},
{"frame":21,"values":[0,0.0096,1,0,-1,0,0,0,0,1,-0.0096,0,0,2.5,0,1]}],"loopBehavior":1,"name":"anim","property":"_matrix"}},
{"name":"Bone.011","index":10,"matrix":[0.9999,0.0089,-0.0051,0,-0.0086,0.4472,-0.8944,0,-0.0057,0.8944,0.4473,0,0,0.5,0,1],"rest":[0.9999,0.0089,-0.0051,0,-0.0086,0.4472,-0.8944,0,-0.0057,0.8944,0.4473,0,0,0.5,0,1],"parentBoneIndex":9,"length":1.118
,"animation":{"dataType":3,"framePerSecond":24,"keys":[
{"frame":0,"values":[0.9999,0.0089,-0.0051,0,-0.0086,0.4472,-0.8944,0,-0.0057,0.8944,0.4473,0,0,0.5,0,1]},
{"frame":1,"values":[0.5858,0.0089,-0.8104,0,-0.7272,0.4472,-0.5208,0,0.3578,0.8944,0.2685,0,0,0.5,0,1]},
{"frame":2,"values":[0.6387,0.0089,-0.7694,0,-0.6908,0.4472,-0.5682,0,0.339,0.8944,0.2918,0,0,0.5,0,1]},
{"frame":3,"values":[0.7386,0.0089,-0.674,0,-0.6058,0.4472,-0.658,0,0.2956,0.8944,0.3358,0,0,0.5,0,1]},
{"frame":4,"values":[0.8409,0.0089,-0.5412,0,-0.4874,0.4472,-0.7499,0,0.2353,0.8944,0.3804,0,0,0.5,0,1]},
{"frame":5,"values":[0.9229,0.0089,-0.385,0,-0.3481,0.4472,-0.8239,0,0.1648,0.8944,0.4158,0,0,0.5,0,1]},
{"frame":6,"values":[0.9749,0.0089,-0.2224,0,-0.2028,0.4472,-0.8711,0,0.0917,0.8944,0.4378,0,0,0.5,0,1]},
{"frame":7,"values":[0.9975,0.0089,-0.0695,0,-0.0662,0.4472,-0.892,0,0.0231,0.8944,0.4467,0,0,0.5,0,1]},
{"frame":8,"values":[0.9981,0.0089,0.0607,0,0.0503,0.4472,-0.893,0,-0.0351,0.8944,0.4459,0,0,0.5,0,1]},
{"frame":9,"values":[0.9871,0.0089,0.1599,0,0.1391,0.4472,-0.8835,0,-0.0794,0.8944,0.4402,0,0,0.5,0,1]},
{"frame":10,"values":[0.9748,0.0089,0.2231,0,0.1956,0.4472,-0.8728,0,-0.1076,0.8944,0.4342,0,0,0.5,0,1]},
{"frame":11,"values":[0.9693,0.0089,0.2455,0,0.2157,0.4472,-0.868,0,-0.1176,0.8944,0.4316,0,0,0.5,0,1]},
{"frame":12,"values":[0.9752,0.0089,0.2212,0,0.194,0.4472,-0.8731,0,-0.1067,0.8944,0.4344,0,0,0.5,0,1]},
{"frame":13,"values":[0.9892,0.0089,0.1462,0,0.1268,0.4472,-0.8854,0,-0.0733,0.8944,0.4413,0,0,0.5,0,1]},
{"frame":14,"values":[0.9998,0.0089,0.0195,0,0.0135,0.4472,-0.8943,0,-0.0167,0.8944,0.447,0,0,0.5,0,1]},
{"frame":15,"values":[0.9885,0.0089,-0.1508,0,-0.1388,0.4472,-0.8836,0,0.0595,0.8944,0.4433,0,0,0.5,0,1]},
{"frame":16,"values":[0.9399,0.0089,-0.3414,0,-0.3091,0.4472,-0.8393,0,0.1452,0.8944,0.4231,0,0,0.5,0,1]},
{"frame":17,"values":[0.8549,0.0089,-0.5187,0,-0.4674,0.4472,-0.7626,0,0.2252,0.8944,0.3865,0,0,0.5,0,1]},
{"frame":18,"values":[0.7542,0.0089,-0.6566,0,-0.5903,0.4472,-0.672,0,0.2876,0.8944,0.3426,0,0,0.5,0,1]},
{"frame":19,"values":[0.6648,0.0089,-0.747,0,-0.6708,0.4472,-0.5916,0,0.3288,0.8944,0.3033,0,0,0.5,0,1]},
{"frame":20,"values":[0.6059,0.0089,-0.7955,0,-0.714,0.4472,-0.5388,0,0.3509,0.8944,0.2774,0,0,0.5,0,1]},
{"frame":21,"values":[0.5858,0.0089,-0.8104,0,-0.7272,0.4472,-0.5208,0,0.3578,0.8944,0.2685,0,0,0.5,0,1]}],"loopBehavior":1,"name":"anim","property":"_matrix"}},
{"name":"Bone.012","index":11,"matrix":[0.9998,-0.005,-0.02,0,-0.0045,0.8944,-0.4472,0,0.0201,0.4472,0.8942,0,0,1.118,0,1],"rest":[0.9998,-0.005,-0.02,0,-0.0045,0.8944,-0.4472,0,0.0201,0.4472,0.8942,0,0,1.118,0,1],"parentBoneIndex":10,"length":1.25
,"animation":{"dataType":3,"framePerSecond":24,"keys":[
{"frame":0,"values":[0.9998,-0.005,-0.02,0,-0.0045,0.8944,-0.4472,0,0.0201,0.4472,0.8942,0,0,1.118,0,1]},
{"frame":1,"values":[0.8684,-0.4517,0.2047,0,0.4956,0.7749,-0.3924,0,0.0187,0.4422,0.8967,0,0,1.118,0,1]},
{"frame":21,"values":[0.8684,-0.4517,0.2047,0,0.4956,0.7749,-0.3924,0,0.0187,0.4422,0.8967,0,0,1.118,0,1]}],"loopBehavior":1,"name":"anim","property":"_matrix"}},
{"name":"Bone.013","index":12,"matrix":[0,0.0103,-0.9999,0,1,0,0,0,0,0.9999,0.0103,0,0,2.5,0,1],"rest":[0,0.0103,-0.9999,0,1,0,0,0,0,0.9999,0.0103,0,0,2.5,0,1],"parentBoneIndex":-1,"length":0.5
,"animation":{"dataType":3,"framePerSecond":24,"keys":[
{"frame":0,"values":[0,0.0103,-0.9999,0,1,0,0,0,0,0.9999,0.0103,0,0,2.5,0,1]},
{"frame":21,"values":[0,0.0103,-0.9999,0,1,0,0,0,0,0.9999,0.0103,0,0,2.5,0,1]}],"loopBehavior":1,"name":"anim","property":"_matrix"}},
{"name":"Bone.014","index":13,"matrix":[0.9999,-0.0067,-0.0136,0,-0.0092,0.4472,-0.8944,0,0.012,0.8944,0.4471,0,0,0.5,0,1],"rest":[0.9999,-0.0066,-0.0136,0,-0.0092,0.4472,-0.8944,0,0.012,0.8944,0.4471,0,0,0.5,0,1],"parentBoneIndex":12,"length":1.118
,"animation":{"dataType":3,"framePerSecond":24,"keys":[
{"frame":0,"values":[0.9999,-0.0067,-0.0136,0,-0.0092,0.4472,-0.8944,0,0.012,0.8944,0.4471,0,0,0.5,0,1]},
{"frame":1,"values":[0.9639,-0.0067,-0.2663,0,-0.2354,0.4472,-0.8629,0,0.1248,0.8944,0.4295,0,0,0.5,0,1]},
{"frame":2,"values":[0.9794,-0.0067,-0.2017,0,-0.1775,0.4472,-0.8766,0,0.096,0.8944,0.4368,0,0,0.5,0,1]},
{"frame":3,"values":[0.998,-0.0067,-0.0624,0,-0.0528,0.4472,-0.8929,0,0.0338,0.8944,0.446,0,0,0.5,0,1]},
{"frame":4,"values":[0.9941,-0.0067,0.1087,0,0.1002,0.4472,-0.8888,0,-0.0427,0.8944,0.4452,0,0,0.5,0,1]},
{"frame":5,"values":[0.9585,-0.0067,0.285,0,0.2578,0.4472,-0.8565,0,-0.1218,0.8944,0.4304,0,0,0.5,0,1]},
{"frame":6,"values":[0.8947,-0.0066,0.4466,0,0.4021,0.4472,-0.799,0,-0.1944,0.8944,0.4028,0,0,0.5,0,1]},
{"frame":7,"values":[0.8142,-0.0067,0.5806,0,0.5217,0.4472,-0.7265,0,-0.2548,0.8944,0.3676,0,0,0.5,0,1]},
{"frame":8,"values":[0.7312,-0.0067,0.6821,0,0.6123,0.4472,-0.652,0,-0.3007,0.8944,0.3311,0,0,0.5,0,1]},
{"frame":9,"values":[0.6593,-0.0067,0.7518,0,0.6744,0.4472,-0.5875,0,-0.3323,0.8944,0.2993,0,0,0.5,0,1]},
{"frame":10,"values":[0.6096,-0.0067,0.7927,0,0.7108,0.4472,-0.5429,0,-0.3509,0.8944,0.2774,0,0,0.5,0,1]},
{"frame":11,"values":[0.5912,-0.0067,0.8065,0,0.7231,0.4472,-0.5264,0,-0.3572,0.8944,0.2692,0,0,0.5,0,1]},
{"frame":12,"values":[0.6114,-0.0067,0.7913,0,0.7096,0.4472,-0.5445,0,-0.3503,0.8944,0.2781,0,0,0.5,0,1]},
{"frame":13,"values":[0.6706,-0.0067,0.7418,0,0.6655,0.4472,-0.5976,0,-0.3278,0.8944,0.3043,0,0,0.5,0,1]},
{"frame":14,"values":[0.7603,-0.0067,0.6495,0,0.5832,0.4472,-0.6781,0,-0.286,0.8944,0.3439,0,0,0.5,0,1]},
{"frame":15,"values":[0.8608,-0.0067,0.5089,0,0.4577,0.4472,-0.7684,0,-0.2225,0.8944,0.388,0,0,0.5,0,1]},
{"frame":16,"values":[0.9446,-0.0067,0.3281,0,0.2963,0.4472,-0.8439,0,-0.1411,0.8944,0.4244,0,0,0.5,0,1]},
{"frame":17,"values":[0.9909,-0.0067,0.1343,0,0.1231,0.4472,-0.8859,0,-0.0542,0.8944,0.444,0,0,0.5,0,1]},
{"frame":18,"values":[0.9992,-0.0067,-0.0383,0,-0.0313,0.4472,-0.8939,0,0.0231,0.8944,0.4467,0,0,0.5,0,1]},
{"frame":19,"values":[0.986,-0.0067,-0.1663,0,-0.1458,0.4472,-0.8825,0,0.0803,0.8944,0.44,0,0,0.5,0,1]},
{"frame":20,"values":[0.9703,-0.0067,-0.2419,0,-0.2135,0.4472,-0.8686,0,0.114,0.8944,0.4325,0,0,0.5,0,1]},
{"frame":21,"values":[0.9639,-0.0067,-0.2663,0,-0.2354,0.4472,-0.8629,0,0.1248,0.8944,0.4295,0,0,0.5,0,1]}],"loopBehavior":1,"name":"anim","property":"_matrix"}},
{"name":"Bone.015","index":14,"matrix":[-1,0.0033,-0.0009,0,0.0033,0.8944,-0.4472,0,-0.0006,-0.4472,-0.8944,0,0,1.118,0,1],"rest":[-1,0.0033,-0.0009,0,0.0033,0.8944,-0.4472,0,-0.0006,-0.4472,-0.8944,0,0,1.118,0,1],"parentBoneIndex":13,"length":1.25
,"animation":{"dataType":3,"framePerSecond":24,"keys":[
{"frame":0,"values":[-1,0.0033,-0.0009,0,0.0033,0.8944,-0.4472,0,-0.0006,-0.4472,-0.8944,0,0,1.118,0,1]},
{"frame":1,"values":[-0.8556,-0.4622,0.2329,0,-0.5176,0.7637,-0.3857,0,0.0004,-0.4506,-0.8927,0,0,1.118,0,1]},
{"frame":21,"values":[-0.8556,-0.4622,0.2329,0,-0.5176,0.7637,-0.3857,0,0.0004,-0.4506,-0.8927,0,0,1.118,0,1]}],"loopBehavior":1,"name":"anim","property":"_matrix"}}]
,"ranges":[{"name":"walk","from":0,"to":21}]}],
"meshes":[{"name":"Person","id":"Person","materialId":"person4.Material.001","billboardMode":0,"position":[0,0,0],"rotation":[0,0,0],"scaling":[1,1,1],"isVisible":true,"freezeWorldMatrix":false,"isEnabled":true,"checkCollisions":false,"receiveShadows":false,"tags":"","skeletonId":0,"numBoneInfluencers":7
,"positions":[0,3.0589,-0.2316,0.0477,3.1181,-0.2271,0,3.1181,-0.2309,0.0471,3.1759,-0.2267,0,3.1759,-0.2306,0.0469,3.2324,-0.2266,0,3.2324,-0.2305,0,3.2877,-0.2305,0.0488,3.0589,-0.2279,0.0933,3.1181,-0.2155,0.0922,3.1759,-0.215,0.0918,3.2324,-0.2148,0.0469,3.2877,-0.2266,0.0956,3.059,-0.2166,0.135,3.1183,-0.1962,0.1334,3.176,-0.1955,0.1328,3.2324,-0.1953
,0.0918,3.2877,-0.2148,0.1382,3.0594,-0.1975,0.1706,3.1186,-0.1689,0.1686,3.176,-0.1682,0.168,3.2324,-0.168,0.1328,3.2877,-0.1953,-0.0477,3.1181,-0.2271,-0.0488,3.0589,-0.2279,-0.0933,3.1181,-0.2155,-0.0956,3.059,-0.2166,-0.135,3.1183,-0.1962,-0.1382,3.0594,-0.1975,-0.1706,3.1186,-0.1689,-0.1745,3.0602,-0.1704,-0.0471,3.1759,-0.2267,-0.0922,3.1759,-0.215,-0.1334,3.176,-0.1955
,-0.1686,3.176,-0.1682,-0.0469,3.2324,-0.2266,-0.0918,3.2324,-0.2148,-0.1328,3.2324,-0.1953,-0.168,3.2324,-0.168,-0.0469,3.2877,-0.2266,-0.0918,3.2877,-0.2148,-0.1328,3.2877,-0.1953,0,2.9983,-0.2327,-0.0508,2.9983,-0.2292,0,2.9363,-0.2342,-0.0531,2.9362,-0.231,0,2.8728,-0.2361,-0.0552,2.8726,-0.2333,0,2.8077,-0.2384,-0.0994,2.9984,-0.2184,-0.1042,2.9363,-0.2209
,-0.1095,2.8724,-0.2242,-0.0568,2.8075,-0.236,-0.1436,2.9992,-0.1997,-0.1514,2.9371,-0.2031,-0.1619,2.8724,-0.2081,-0.1135,2.8069,-0.2285,-0.1811,3.0008,-0.1728,-0.1915,2.9398,-0.1766,-0.2067,2.8762,-0.1824,-0.1701,2.8057,-0.2151,0.0508,2.9983,-0.2292,0.0994,2.9984,-0.2184,0.1436,2.9992,-0.1997,0.1745,3.0602,-0.1704,0.0531,2.9362,-0.231,0.1042,2.9363,-0.2209,0.1514,2.9371,-0.2031
,0.1811,3.0008,-0.1728,0.0552,2.8726,-0.2333,0.1095,2.8724,-0.2242,0.1619,2.8724,-0.2081,0.1915,2.9398,-0.1766,0.0568,2.8075,-0.236,0.1135,2.8069,-0.2285,0.1701,2.8057,-0.2151,0.2067,2.8762,-0.1824,0.0834,4.5789,-0.2462,0.0383,4.6032,-0.2457,0.0677,4.5599,-0.2463,0.008,4.584,-0.2447,0.046,4.5336,-0.2455,-0.0214,4.5596,-0.2435,0.0222,4.5049,-0.2446,-0.0486,4.5308,-0.2428
,-0.0025,4.4749,-0.244,0.0553,4.6594,-0.2444,0.0712,4.613,-0.2459,0.0133,4.6523,-0.244,-0.0265,4.6378,-0.2422,-0.0964,4.588,-0.2382,0.0396,4.7107,-0.2422,-0.0088,4.7051,-0.2415,-0.0572,4.694,-0.2382,-0.0642,4.6169,-0.2396,-0.1472,4.6477,-0.2289,0.0259,4.7639,-0.2397,-0.0262,4.7595,-0.2387,-0.08,4.7511,-0.2333,-0.1064,4.6771,-0.2324,-0.1372,4.7388,-0.2235,0.1113,4.5638,-0.2459
,0.103,4.5241,-0.2457,0.1487,4.5445,-0.2444,0.1421,4.4944,-0.244,0.1889,4.5261,-0.2422,0.1829,4.4689,-0.2415,0.2295,4.5106,-0.2397,0.0871,4.4876,-0.2447,0.1298,4.4466,-0.2422,0.173,4.4112,-0.2382,0.2231,4.45,-0.2387,0.0669,4.452,-0.2435,0.1126,4.401,-0.2396,0.1594,4.3517,-0.2324,0.2145,4.3865,-0.2333,0.043,4.4188,-0.2428,0.089,4.3613,-0.2382,0.1361,4.3008,-0.2289
,0.2042,4.318,-0.2235,0.1084,4.6089,-0.2447,0.0993,4.6583,-0.2425,0.0885,4.7108,-0.2396,0.0777,4.7644,-0.2366,0.1488,4.5972,-0.2425,0.1445,4.6516,-0.2389,0.1378,4.707,-0.2339,0.1294,4.7622,-0.2286,0.191,4.5838,-0.2396,0.1902,4.642,-0.2339,0.1875,4.7007,-0.2247,0.1811,4.7586,-0.2151,0.2332,4.5707,-0.2366,0.2351,4.6304,-0.2286,0.2361,4.69,-0.2151,0.2374,4.7545,-0.1921
,0,5.8723,0,0.0423,5.8671,0.0423,0,5.8697,0.0431,0.0408,5.8592,0.0829,0,5.8617,0.0844,0.0393,5.8462,0.12,0,5.8485,0.1221,0.0385,5.828,0.1518,0,5.8299,0.1545,0.0431,5.8697,0,0.0829,5.8592,0.0408,0.0797,5.8519,0.0797,0.0762,5.8398,0.115,0.0744,5.8229,0.1449,0.0844,5.8617,0,0.12,5.8462,0.0393,0.115,5.8398,0.0762
,0.1085,5.8299,0.1085,0.105,5.8157,0.135,0.1221,5.8485,0,0.1518,5.828,0.0385,0.1449,5.8229,0.0744,0.135,5.8157,0.105,0.1254,5.8086,0.1254,-0.0423,5.8671,0.0423,-0.0431,5.8697,0,-0.0829,5.8592,0.0408,-0.0844,5.8617,0,-0.12,5.8462,0.0393,-0.1221,5.8485,0,-0.1518,5.828,0.0385,-0.1545,5.8299,0,-0.0408,5.8592,0.0829,-0.0797,5.8519,0.0797
,-0.115,5.8398,0.0762,-0.1449,5.8229,0.0744,-0.0393,5.8462,0.12,-0.0762,5.8398,0.115,-0.1085,5.8299,0.1085,-0.135,5.8157,0.105,-0.0385,5.828,0.1518,-0.0744,5.8229,0.1449,-0.105,5.8157,0.135,-0.1254,5.8086,0.1254,-0.0423,5.8671,-0.0423,0,5.8697,-0.0431,-0.0408,5.8592,-0.0829,0,5.8617,-0.0844,-0.0393,5.8462,-0.12,0,5.8485,-0.1221,-0.0385,5.828,-0.1518
,0,5.8299,-0.1545,-0.0829,5.8592,-0.0408,-0.0797,5.8519,-0.0797,-0.0762,5.8398,-0.115,-0.0744,5.8229,-0.1449,-0.12,5.8462,-0.0393,-0.115,5.8398,-0.0762,-0.1085,5.8299,-0.1085,-0.105,5.8157,-0.135,-0.1518,5.828,-0.0385,-0.1449,5.8229,-0.0744,-0.135,5.8157,-0.105,-0.1254,5.8086,-0.1254,0.0423,5.8671,-0.0423,0.0829,5.8592,-0.0408,0.12,5.8462,-0.0393,0.1518,5.828,-0.0385
,0.1545,5.8299,0,0.0408,5.8592,-0.0829,0.0797,5.8519,-0.0797,0.115,5.8398,-0.0762,0.1449,5.8229,-0.0744,0.0393,5.8462,-0.12,0.0762,5.8398,-0.115,0.1085,5.8299,-0.1085,0.135,5.8157,-0.105,0.0385,5.828,-0.1518,0.0744,5.8229,-0.1449,0.105,5.8157,-0.135,0.1254,5.8086,-0.1254,-1,2.5251,0,-1.0423,2.5299,-0.0423,-1.0431,2.5276,0,-1.0829,2.5371,-0.0408
,-1.0844,2.5348,0,-1.12,2.5489,-0.0393,-1.1221,2.5469,0,-1.1518,2.5655,-0.0385,-1.1545,2.5637,0,-1,2.5276,-0.0431,-1.0408,2.5371,-0.0829,-1.0797,2.5438,-0.0797,-1.115,2.5547,-0.0762,-1.1449,2.5701,-0.0744,-1,2.5348,-0.0844,-1.0393,2.5489,-0.12,-1.0762,2.5547,-0.115,-1.1085,2.5637,-0.1085,-1.135,2.5767,-0.105,-1,2.5469,-0.1221,-1.0385,2.5655,-0.1518
,-1.0744,2.5701,-0.1449,-1.105,2.5767,-0.135,-1.1254,2.5831,-0.1254,-1.0423,2.5299,0.0423,-1,2.5276,0.0431,-1.0408,2.5371,0.0829,-1,2.5348,0.0844,-1.0393,2.5489,0.12,-1,2.5469,0.1221,-1.0385,2.5655,0.1518,-1,2.5637,0.1545,-1.0829,2.5371,0.0408,-1.0797,2.5438,0.0797,-1.0762,2.5547,0.115,-1.0744,2.5701,0.1449,-1.12,2.5489,0.0393,-1.115,2.5547,0.0762
,-1.1085,2.5637,0.1085,-1.105,2.5767,0.135,-1.1518,2.5655,0.0385,-1.1449,2.5701,0.0744,-1.135,2.5767,0.105,-1.1254,2.5831,0.1254,-0.9577,2.5299,0.0423,-0.9569,2.5276,0,-0.9171,2.5371,0.0408,-0.9156,2.5348,0,-0.88,2.5489,0.0393,-0.8779,2.5469,0,-0.8482,2.5655,0.0385,-0.8455,2.5637,0,-0.9592,2.5371,0.0829,-0.9203,2.5438,0.0797,-0.885,2.5547,0.0762
,-0.8551,2.5701,0.0744,-0.9607,2.5489,0.12,-0.9238,2.5547,0.115,-0.8915,2.5637,0.1085,-0.865,2.5767,0.105,-0.9615,2.5655,0.1518,-0.9256,2.5701,0.1449,-0.895,2.5767,0.135,-0.8746,2.5831,0.1254,-0.9577,2.5299,-0.0423,-0.9592,2.5371,-0.0829,-0.9607,2.5489,-0.12,-0.9615,2.5655,-0.1518,-1,2.5637,-0.1545,-0.9171,2.5371,-0.0408,-0.9203,2.5438,-0.0797,-0.9238,2.5547,-0.115
,-0.9256,2.5701,-0.1449,-0.88,2.5489,-0.0393,-0.885,2.5547,-0.0762,-0.8915,2.5637,-0.1085,-0.895,2.5767,-0.135,-0.8482,2.5655,-0.0385,-0.8551,2.5701,-0.0744,-0.865,2.5767,-0.105,-0.8746,2.5831,-0.1254,1,2.5377,0,1.0423,2.5449,0.0423,1.0431,2.5413,0,1.0829,2.5556,0.0408,1.0844,2.5522,0,1.12,2.5734,0.0393,1.1221,2.5703,0,1.1518,2.5982,0.0385
,1.1545,2.5955,0,1,2.5413,0.0431,1.0408,2.5556,0.0829,1.0797,2.5656,0.0797,1.115,2.5821,0.0762,1.1449,2.6051,0.0744,1,2.5522,0.0844,1.0393,2.5734,0.12,1.0762,2.5821,0.115,1.1085,2.5956,0.1085,1.135,2.615,0.105,1,2.5703,0.1221,1.0385,2.5982,0.1518,1.0744,2.6051,0.1449,1.105,2.615,0.135,1.1254,2.6246,0.1254,1.0423,2.5449,-0.0423
,1,2.5413,-0.0431,1.0408,2.5556,-0.0829,1,2.5522,-0.0844,1.0393,2.5734,-0.12,1,2.5703,-0.1221,1.0385,2.5982,-0.1518,1,2.5955,-0.1545,1.0829,2.5556,-0.0408,1.0797,2.5656,-0.0797,1.0762,2.5821,-0.115,1.0744,2.6051,-0.1449,1.12,2.5734,-0.0393,1.115,2.5821,-0.0762,1.1085,2.5956,-0.1085,1.105,2.615,-0.135,1.1518,2.5982,-0.0385,1.1449,2.6051,-0.0744
,1.135,2.615,-0.105,1.1254,2.6246,-0.1254,0.9577,2.5449,-0.0423,0.9569,2.5413,0,0.9171,2.5556,-0.0408,0.9156,2.5522,0,0.88,2.5734,-0.0393,0.8779,2.5703,0,0.8482,2.5982,-0.0385,0.8455,2.5955,0,0.9592,2.5556,-0.0829,0.9203,2.5656,-0.0797,0.885,2.5821,-0.0762,0.8551,2.6051,-0.0744,0.9607,2.5734,-0.12,0.9238,2.5821,-0.115,0.8915,2.5956,-0.1085
,0.865,2.615,-0.105,0.9615,2.5982,-0.1518,0.9256,2.6051,-0.1449,0.895,2.615,-0.135,0.8746,2.6246,-0.1254,0.9577,2.5449,0.0423,0.9592,2.5556,0.0829,0.9607,2.5734,0.12,0.9615,2.5982,0.1518,1,2.5955,0.1545,0.9171,2.5556,0.0408,0.9203,2.5656,0.0797,0.9238,2.5821,0.115,0.9256,2.6051,0.1449,0.88,2.5734,0.0393,0.885,2.5821,0.0762,0.8915,2.5956,0.1085
,0.895,2.615,0.135,0.8482,2.5982,0.0385,0.8551,2.6051,0.0744,0.865,2.615,0.105,0.8746,2.6246,0.1254,-0.0865,4.3705,0.2462,-0.042,4.3451,0.2457,-0.0739,4.3354,0.2459,-0.0577,4.2869,0.2444,-0.0172,4.2941,0.244,-0.0417,4.2324,0.2422,0.0047,4.2382,0.2415,-0.0278,4.1746,0.2397,-0.0714,4.3897,0.2463,-0.0127,4.3646,0.2447,0.0212,4.3092,0.2422,0.0509,4.2503,0.2382
,0.0221,4.1794,0.2387,-0.0504,4.416,0.2455,0.0161,4.3894,0.2435,0.0575,4.3311,0.2396,0.0974,4.2692,0.2324,0.0733,4.1891,0.2333,-0.0271,4.4448,0.2446,0.043,4.4188,0.2428,0.089,4.3613,0.2382,0.1361,4.3008,0.2289,0.1267,4.2037,0.2235,-0.1103,4.3402,0.2447,-0.1142,4.3864,0.2459,-0.1496,4.3534,0.2425,-0.1516,4.4071,0.2444,-0.1903,4.3691,0.2396,-0.192,4.4277,0.2422
,-0.2304,4.3852,0.2366,-0.2329,4.446,0.2397,-0.1001,4.2887,0.2425,-0.1433,4.2969,0.2389,-0.186,4.3089,0.2339,-0.2264,4.3238,0.2286,-0.0886,4.2328,0.2396,-0.1351,4.2381,0.2339,-0.1805,4.2469,0.2247,-0.2223,4.2614,0.2151,-0.0774,4.1745,0.2366,-0.1259,4.1781,0.2286,-0.1729,4.184,0.2151,-0.2204,4.1921,0.1921,-0.1069,4.4265,0.2457,-0.0918,4.4629,0.2447,-0.0722,4.4981,0.2435
,-0.0025,4.4749,0.244,-0.1469,4.4575,0.244,-0.1361,4.5049,0.2422,-0.1198,4.5495,0.2396,-0.0486,4.5308,0.2428,-0.1894,4.4848,0.2415,-0.1823,4.5417,0.2382,-0.1703,4.5993,0.2324,-0.0964,4.588,0.2382,-0.2325,4.5065,0.2387,-0.229,4.5687,0.2333,-0.2223,4.6348,0.2235,-0.1472,4.6477,0.2289,0.1113,4.5638,0.2459,0.0677,4.5599,0.2463,0.0834,4.5789,0.2462,0.103,4.5241,0.2457
,0.046,4.5336,0.2455,0.0871,4.4876,0.2447,0.0222,4.5049,0.2446,0.0669,4.452,0.2435,0.1487,4.5445,0.2444,0.1421,4.4944,0.244,0.1298,4.4466,0.2422,0.1126,4.401,0.2396,0.1889,4.5261,0.2422,0.1829,4.4689,0.2415,0.173,4.4112,0.2382,0.1594,4.3517,0.2324,0.2295,4.5106,0.2397,0.2231,4.4499,0.2387,0.2145,4.3865,0.2333,0.2042,4.318,0.2235,0.0383,4.6032,0.2457
,0.0712,4.613,0.2459,0.0553,4.6594,0.2444,0.0133,4.6523,0.244,0.0396,4.7107,0.2422,-0.0088,4.7051,0.2415,0.0259,4.7639,0.2397,0.008,4.584,0.2447,-0.0265,4.6378,0.2422,-0.0572,4.694,0.2382,-0.0262,4.7595,0.2387,-0.0214,4.5596,0.2435,-0.0642,4.6169,0.2396,-0.1064,4.6771,0.2324,-0.08,4.7511,0.2333,-0.1372,4.7388,0.2235,0.1084,4.6089,0.2447,0.1488,4.5972,0.2425
,0.191,4.5838,0.2396,0.2332,4.5707,0.2366,0.0993,4.6583,0.2425,0.1445,4.6516,0.2389,0.1902,4.642,0.2339,0.2351,4.6304,0.2286,0.0885,4.7108,0.2396,0.1378,4.707,0.2339,0.1875,4.7007,0.2247,0.2361,4.69,0.2151,0.0777,4.7644,0.2366,0.1294,4.7622,0.2286,0.1811,4.7586,0.2151,0.2374,4.7545,0.1921,0.2381,3.0651,0,0.2296,3.1204,0.0472,0.2335,3.1206,0
,0.2273,3.1765,0.047,0.2312,3.1765,0,0.2266,3.2324,0.0469,0.2305,3.2324,0,0.2305,3.2877,0,0.2342,3.0646,0.0478,0.2179,3.1198,0.0925,0.2156,3.1763,0.092,0.2148,3.2324,0.0918,0.2266,3.2877,0.0469,0.2224,3.0632,0.0934,0.1982,3.1192,0.1337,0.196,3.1762,0.133,0.1953,3.2324,0.1328,0.2148,3.2877,0.0918,0.1745,3.0602,0.1704,0.2026,3.0616,0.135
,0.1706,3.1186,0.1689,0.1686,3.176,0.1682,0.168,3.2324,0.168,0.1953,3.2877,0.1328,0.2296,3.1204,-0.0472,0.2342,3.0646,-0.0478,0.2179,3.1198,-0.0925,0.2224,3.0632,-0.0934,0.1982,3.1192,-0.1337,0.2026,3.0616,-0.135,0.2273,3.1765,-0.047,0.2156,3.1763,-0.092,0.196,3.1762,-0.133,0.2266,3.2324,-0.0469,0.2148,3.2324,-0.0918,0.1953,3.2324,-0.1328,0.2266,3.2877,-0.0469
,0.2148,3.2877,-0.0918,0.1953,3.2877,-0.1328,0.2456,3.0108,0,0.2418,3.0096,-0.0486,0.2572,2.9589,0,0.2534,2.957,-0.0496,0.2736,2.9109,0,0.27,2.9083,-0.0504,0.2959,2.8684,0,0.2299,3.0069,-0.0951,0.2416,2.9522,-0.0971,0.2584,2.9006,-0.0991,0.2925,2.8652,-0.0507,0.2098,3.0037,-0.1372,0.2212,2.9457,-0.1404,0.2381,2.8877,-0.1446,0.2818,2.8546,-0.1002
,0.2631,2.8359,-0.147,0.2418,3.0096,0.0486,0.2299,3.0069,0.0951,0.2098,3.0037,0.1372,0.2534,2.957,0.0496,0.2416,2.9522,0.0971,0.2212,2.9457,0.1404,0.1811,3.0008,0.1728,0.27,2.9083,0.0504,0.2584,2.9006,0.0991,0.2381,2.8877,0.1446,0.1915,2.9398,0.1766,0.2925,2.8652,0.0507,0.2818,2.8546,0.1002,0.2631,2.8359,0.147,0.2067,2.8762,0.1824,-1,0.0283,0
,-1.0423,0.0337,-0.0423,-1.0431,0.031,0,-1.0829,0.0417,-0.0408,-1.0844,0.0392,0,-1.12,0.0551,-0.0393,-1.1221,0.0527,0,-1.1518,0.0737,-0.0385,-1.1545,0.0716,0,-1,0.031,-0.0431,-1.0408,0.0417,-0.0829,-1.0797,0.0492,-0.0797,-1.115,0.0615,-0.0762,-1.1449,0.0788,-0.0744,-1,0.0392,-0.0844,-1.0393,0.0551,-0.12,-1.0762,0.0615,-0.115,-1.1085,0.0717,-0.1085
,-1.135,0.0862,-0.105,-1,0.0527,-0.1221,-1.0385,0.0737,-0.1518,-1.0744,0.0788,-0.1449,-1.105,0.0862,-0.135,-1.1254,0.0935,-0.1254,-1.0423,0.0337,0.0423,-1,0.031,0.0431,-1.0408,0.0417,0.0829,-1,0.0392,0.0844,-1.0393,0.0551,0.12,-1,0.0527,0.1221,-1.0385,0.0737,0.1518,-1,0.0716,0.1545,-1.0829,0.0417,0.0408,-1.0797,0.0492,0.0797,-1.0762,0.0615,0.115
,-1.0744,0.0788,0.1449,-1.12,0.0551,0.0393,-1.115,0.0615,0.0762,-1.1085,0.0717,0.1085,-1.105,0.0862,0.135,-1.1518,0.0737,0.0385,-1.1449,0.0788,0.0744,-1.135,0.0862,0.105,-1.1254,0.0935,0.1254,-0.9577,0.0337,0.0423,-0.9569,0.031,0,-0.9171,0.0417,0.0408,-0.9156,0.0392,0,-0.88,0.0551,0.0393,-0.8779,0.0527,0,-0.8482,0.0737,0.0385,-0.8455,0.0716,0
,-0.9592,0.0417,0.0829,-0.9203,0.0492,0.0797,-0.885,0.0615,0.0762,-0.8551,0.0788,0.0744,-0.9607,0.0551,0.12,-0.9238,0.0615,0.115,-0.8915,0.0717,0.1085,-0.865,0.0862,0.105,-0.9615,0.0737,0.1518,-0.9256,0.0788,0.1449,-0.895,0.0862,0.135,-0.8746,0.0935,0.1254,-0.9577,0.0337,-0.0423,-0.9592,0.0417,-0.0829,-0.9607,0.0551,-0.12,-0.9615,0.0737,-0.1518,-1,0.0716,-0.1545
,-0.9171,0.0417,-0.0408,-0.9203,0.0492,-0.0797,-0.9238,0.0615,-0.115,-0.9256,0.0788,-0.1449,-0.88,0.0551,-0.0393,-0.885,0.0615,-0.0762,-0.8915,0.0717,-0.1085,-0.895,0.0862,-0.135,-0.8482,0.0737,-0.0385,-0.8551,0.0788,-0.0744,-0.865,0.0862,-0.105,-0.8746,0.0935,-0.1254,0,3.0589,0.2316,-0.0477,3.1181,0.2271,0,3.1181,0.2309,-0.0471,3.1759,0.2267,0,3.1759,0.2306
,-0.0469,3.2324,0.2266,0,3.2324,0.2305,0,3.2877,0.2305,-0.0488,3.0589,0.2279,-0.0933,3.1181,0.2155,-0.0922,3.1759,0.215,-0.0918,3.2324,0.2148,-0.0469,3.2877,0.2266,-0.0956,3.059,0.2166,-0.135,3.1183,0.1962,-0.1334,3.176,0.1955,-0.1328,3.2324,0.1953,-0.0918,3.2877,0.2148,-0.1382,3.0594,0.1975,-0.1706,3.1186,0.1689,-0.1686,3.176,0.1682,-0.168,3.2324,0.168
,-0.1328,3.2877,0.1953,0.0477,3.1181,0.2271,0.0488,3.0589,0.2279,0.0933,3.1181,0.2155,0.0956,3.059,0.2166,0.135,3.1183,0.1962,0.1382,3.0594,0.1975,0.0471,3.1759,0.2267,0.0922,3.1759,0.215,0.1334,3.176,0.1955,0.0469,3.2324,0.2266,0.0918,3.2324,0.2148,0.1328,3.2324,0.1953,0.0469,3.2877,0.2266,0.0918,3.2877,0.2148,0.1328,3.2877,0.1953,0,2.9983,0.2327
,0.0508,2.9983,0.2292,0,2.9363,0.2342,0.0531,2.9362,0.231,0,2.8728,0.2361,0.0552,2.8726,0.2333,0,2.8077,0.2384,0.0994,2.9984,0.2184,0.1042,2.9363,0.2209,0.1095,2.8724,0.2242,0.0568,2.8075,0.236,0.1436,2.9992,0.1997,0.1514,2.9371,0.2031,0.1619,2.8724,0.2081,0.1135,2.8069,0.2285,0.1701,2.8057,0.2151,-0.0508,2.9983,0.2292,-0.0994,2.9984,0.2184
,-0.1436,2.9992,0.1997,-0.1745,3.0602,0.1704,-0.0531,2.9362,0.231,-0.1042,2.9363,0.2209,-0.1514,2.9371,0.2031,-0.1811,3.0008,0.1728,-0.0552,2.8726,0.2333,-0.1095,2.8724,0.2242,-0.1619,2.8724,0.2081,-0.1915,2.9398,0.1766,-0.0568,2.8075,0.236,-0.1135,2.8069,0.2285,-0.1701,2.8057,0.2151,-0.2067,2.8762,0.1824,1,0.0283,0,1.0423,0.0337,0.0423,1.0431,0.031,0
,1.0829,0.0417,0.0408,1.0844,0.0392,0,1.12,0.0551,0.0393,1.1221,0.0527,0,1.1518,0.0737,0.0385,1.1545,0.0716,0,1,0.031,0.0431,1.0408,0.0417,0.0829,1.0797,0.0492,0.0797,1.115,0.0615,0.0762,1.1449,0.0788,0.0744,1,0.0392,0.0844,1.0393,0.0551,0.12,1.0762,0.0615,0.115,1.1085,0.0717,0.1085,1.135,0.0862,0.105,1,0.0527,0.1221
,1.0385,0.0737,0.1518,1.0744,0.0788,0.1449,1.105,0.0862,0.135,1.1254,0.0935,0.1254,1.0423,0.0337,-0.0423,1,0.031,-0.0431,1.0408,0.0417,-0.0829,1,0.0392,-0.0844,1.0393,0.0551,-0.12,1,0.0527,-0.1221,1.0385,0.0737,-0.1518,1,0.0716,-0.1545,1.0829,0.0417,-0.0408,1.0797,0.0492,-0.0797,1.0762,0.0615,-0.115,1.0744,0.0788,-0.1449,1.12,0.0551,-0.0393
,1.115,0.0615,-0.0762,1.1085,0.0717,-0.1085,1.105,0.0862,-0.135,1.1518,0.0737,-0.0385,1.1449,0.0788,-0.0744,1.135,0.0862,-0.105,1.1254,0.0935,-0.1254,0.9577,0.0337,-0.0423,0.9569,0.031,0,0.9171,0.0417,-0.0408,0.9156,0.0392,0,0.88,0.0551,-0.0393,0.8779,0.0527,0,0.8482,0.0737,-0.0385,0.8455,0.0716,0,0.9592,0.0417,-0.0829,0.9203,0.0492,-0.0797
,0.885,0.0615,-0.0762,0.8551,0.0788,-0.0744,0.9607,0.0551,-0.12,0.9238,0.0615,-0.115,0.8915,0.0717,-0.1085,0.865,0.0862,-0.105,0.9615,0.0737,-0.1518,0.9256,0.0788,-0.1449,0.895,0.0862,-0.135,0.8746,0.0935,-0.1254,0.9577,0.0337,0.0423,0.9592,0.0417,0.0829,0.9607,0.0551,0.12,0.9615,0.0737,0.1518,1,0.0716,0.1545,0.9171,0.0417,0.0408,0.9203,0.0492,0.0797
,0.9238,0.0615,0.115,0.9256,0.0788,0.1449,0.88,0.0551,0.0393,0.885,0.0615,0.0762,0.8915,0.0717,0.1085,0.895,0.0862,0.135,0.8482,0.0737,0.0385,0.8551,0.0788,0.0744,0.865,0.0862,0.105,0.8746,0.0935,0.1254,-0.0714,4.3897,-0.2463,-0.1142,4.3864,-0.2459,-0.0865,4.3705,-0.2462,-0.1069,4.4265,-0.2457,-0.1516,4.4071,-0.2444,-0.1469,4.4575,-0.244,-0.192,4.4277,-0.2422
,-0.1894,4.4848,-0.2415,-0.2329,4.446,-0.2397,-0.0504,4.416,-0.2455,-0.0918,4.4629,-0.2447,-0.1361,4.5049,-0.2422,-0.1823,4.5417,-0.2382,-0.2325,4.5065,-0.2387,-0.0271,4.4448,-0.2446,-0.0722,4.4981,-0.2435,-0.1198,4.5495,-0.2396,-0.1703,4.5993,-0.2324,-0.229,4.5687,-0.2333,-0.2223,4.6348,-0.2235,-0.1103,4.3402,-0.2447,-0.0739,4.3354,-0.2459,-0.1001,4.2887,-0.2425,-0.0577,4.2869,-0.2444
,-0.0886,4.2328,-0.2396,-0.0417,4.2324,-0.2422,-0.0774,4.1745,-0.2366,-0.0278,4.1746,-0.2397,-0.1496,4.3534,-0.2425,-0.1433,4.2969,-0.2389,-0.1351,4.2381,-0.2339,-0.1259,4.1781,-0.2286,-0.1903,4.3691,-0.2396,-0.186,4.3089,-0.2339,-0.1805,4.2469,-0.2247,-0.1729,4.184,-0.2151,-0.2304,4.3852,-0.2366,-0.2264,4.3238,-0.2286,-0.2223,4.2614,-0.2151,-0.2204,4.1921,-0.1921,-0.042,4.3451,-0.2457
,-0.0127,4.3646,-0.2447,0.0161,4.3894,-0.2435,-0.0172,4.2941,-0.244,0.0575,4.3311,-0.2396,0.0047,4.2382,-0.2415,0.0212,4.3092,-0.2422,0.0509,4.2503,-0.2382,0.0221,4.1794,-0.2387,0.0733,4.1891,-0.2333,0.0974,4.2692,-0.2324,0.1267,4.2037,-0.2235,-0.2381,3.0651,0,-0.2296,3.1204,-0.0472,-0.2335,3.1206,0,-0.2273,3.1765,-0.047,-0.2312,3.1765,0,-0.2266,3.2324,-0.0469
,-0.2305,3.2324,0,-0.2305,3.2877,0,-0.2342,3.0646,-0.0478,-0.2179,3.1198,-0.0925,-0.2156,3.1763,-0.092,-0.2148,3.2324,-0.0918,-0.2266,3.2877,-0.0469,-0.2224,3.0632,-0.0934,-0.1982,3.1192,-0.1337,-0.196,3.1762,-0.133,-0.1953,3.2324,-0.1328,-0.2148,3.2877,-0.0918,-0.2026,3.0616,-0.135,-0.1953,3.2877,-0.1328,-0.2296,3.1204,0.0472,-0.2342,3.0646,0.0478,-0.2179,3.1198,0.0925
,-0.2224,3.0632,0.0934,-0.1982,3.1192,0.1337,-0.2026,3.0616,0.135,-0.2273,3.1765,0.047,-0.2156,3.1763,0.092,-0.196,3.1762,0.133,-0.2266,3.2324,0.0469,-0.2148,3.2324,0.0918,-0.1953,3.2324,0.1328,-0.2266,3.2877,0.0469,-0.2148,3.2877,0.0918,-0.1953,3.2877,0.1328,-0.2456,3.0108,0,-0.2418,3.0096,0.0486,-0.2572,2.9589,0,-0.2534,2.957,0.0496,-0.2736,2.9109,0
,-0.27,2.9083,0.0504,-0.2959,2.8684,0,-0.2299,3.0069,0.0951,-0.2416,2.9522,0.0971,-0.2584,2.9006,0.0991,-0.2925,2.8652,0.0507,-0.2098,3.0037,0.1372,-0.2212,2.9457,0.1404,-0.2381,2.8877,0.1446,-0.2818,2.8546,0.1002,-0.2631,2.8359,0.147,-0.2418,3.0096,-0.0486,-0.2299,3.0069,-0.0951,-0.2098,3.0037,-0.1372,-0.2534,2.957,-0.0496,-0.2416,2.9522,-0.0971,-0.2212,2.9457,-0.1404
,-0.27,2.9083,-0.0504,-0.2584,2.9006,-0.0991,-0.2381,2.8877,-0.1446,-0.2925,2.8652,-0.0507,-0.2818,2.8546,-0.1002,-0.2631,2.8359,-0.147,0.0509,2.2739,0,0,2.2781,-0.0469,0,2.2737,0,0.051,2.2784,-0.0469,0,2.2915,-0.0918,0.0512,2.2917,-0.0918,0,2.3137,-0.1328,0.0515,2.3139,-0.1328,0,2.3448,-0.168,0.1004,2.2747,0,0.1005,2.2791,-0.0469
,0.1009,2.2923,-0.0918,0.1016,2.3144,-0.1328,0.0519,2.3449,-0.168,0.1469,2.2759,0,0.1471,2.2803,-0.0469,0.1478,2.2934,-0.0918,0.1489,2.3152,-0.1328,0.1025,2.3452,-0.168,0.1891,2.2776,0,0.1894,2.2819,-0.0469,0.1905,2.2948,-0.0918,0.1921,2.3163,-0.1328,0.1505,2.3457,-0.168,-0.0509,2.2739,0,-0.051,2.2784,-0.0469,-0.1004,2.2747,0,-0.1005,2.2791,-0.0469
,-0.1469,2.2759,0,-0.1471,2.2803,-0.0469,-0.1891,2.2776,0,-0.0512,2.2917,-0.0918,-0.1009,2.2923,-0.0918,-0.1478,2.2934,-0.0918,-0.1894,2.2819,-0.0469,-0.0515,2.3139,-0.1328,-0.1016,2.3144,-0.1328,-0.1489,2.3152,-0.1328,-0.1905,2.2948,-0.0918,-0.0519,2.3449,-0.168,-0.1025,2.3452,-0.168,-0.1505,2.3457,-0.168,-0.1921,2.3163,-0.1328,0,2.2781,0.0469,-0.051,2.2784,0.0469
,0,2.2915,0.0918,-0.0512,2.2917,0.0918,0,2.3137,0.1328,-0.0515,2.3139,0.1328,0,2.3448,0.168,-0.1005,2.2791,0.0469,-0.1009,2.2923,0.0918,-0.1016,2.3144,0.1328,-0.0519,2.3449,0.168,-0.1471,2.2803,0.0469,-0.1478,2.2934,0.0918,-0.1489,2.3152,0.1328,-0.1025,2.3452,0.168,-0.1894,2.2819,0.0469,-0.1905,2.2948,0.0918,-0.1921,2.3163,0.1328,-0.1505,2.3457,0.168
,0.051,2.2784,0.0469,0.1005,2.2791,0.0469,0.1471,2.2803,0.0469,0.0512,2.2917,0.0918,0.1009,2.2923,0.0918,0.1478,2.2934,0.0918,0.1894,2.2819,0.0469,0.0515,2.3139,0.1328,0.1016,2.3144,0.1328,0.1489,2.3152,0.1328,0.1905,2.2948,0.0918,0.0519,2.3449,0.168,0.1025,2.3452,0.168,0.1505,2.3457,0.168,0.1921,2.3163,0.1328,0,2.6088,-0.2422,-0.055,2.5455,-0.2379
,0,2.5457,-0.2383,-0.056,2.6086,-0.2414,-0.1089,2.5447,-0.237,-0.111,2.6074,-0.2395,-0.1608,2.5429,-0.2357,-0.2145,2.6005,-0.2344,-0.2097,2.5401,-0.2344,0,2.6744,-0.2427,-0.1129,2.6729,-0.2381,-0.1676,2.6699,-0.2332,-0.1642,2.6049,-0.2371,-0.2196,2.6638,-0.2281,-0.0572,2.7409,-0.2392,-0.0568,2.6742,-0.2414,-0.1142,2.7399,-0.2337,-0.1707,2.7375,-0.2247,-0.225,2.7296,-0.2151
,0,2.7411,-0.241,-0.054,2.4864,-0.2295,0,2.4866,-0.2297,-0.0532,2.4324,-0.2156,0,2.4325,-0.2156,-0.0525,2.3849,-0.1953,0,2.3849,-0.1953,-0.107,2.4859,-0.2292,-0.1052,2.4322,-0.2155,-0.1038,2.3849,-0.1953,-0.1577,2.4848,-0.2287,-0.1549,2.4318,-0.2154,-0.1525,2.385,-0.1953,-0.2052,2.4832,-0.2281,-0.2011,2.4312,-0.2152,-0.1975,2.3851,-0.1953,-0.1945,2.3464,-0.168
,0.054,2.4864,-0.2295,0.055,2.5455,-0.2379,0.107,2.4859,-0.2292,0.1089,2.5447,-0.237,0.1577,2.4848,-0.2287,0.1608,2.5429,-0.2357,0.2052,2.4832,-0.2281,0.2097,2.5401,-0.2344,0.0532,2.4324,-0.2156,0.1052,2.4322,-0.2155,0.1549,2.4318,-0.2154,0.2011,2.4312,-0.2152,0.0525,2.3849,-0.1953,0.1038,2.3849,-0.1953,0.1525,2.385,-0.1953,0.1975,2.3851,-0.1953,0.1945,2.3464,-0.168
,0.056,2.6086,-0.2414,0.0572,2.7409,-0.2392,0.1129,2.6729,-0.2381,0.0568,2.6742,-0.2414,0.1142,2.7399,-0.2337,0.111,2.6074,-0.2395,0.1676,2.6699,-0.2332,0.1707,2.7375,-0.2247,0.2145,2.6005,-0.2344,0.1642,2.6049,-0.2371,0.2196,2.6638,-0.2281,0.225,2.7296,-0.2151,0,2.5457,0.2383,0.054,2.4864,0.2295,0,2.4866,0.2297,0.0532,2.4324,0.2156,0,2.4325,0.2156
,0.0525,2.3849,0.1953,0,2.3849,0.1953,0.055,2.5455,0.2379,0.107,2.4859,0.2292,0.1052,2.4322,0.2155,0.1038,2.3849,0.1953,0.1089,2.5447,0.237,0.1577,2.4848,0.2287,0.1549,2.4318,0.2154,0.1525,2.385,0.1953,0.1608,2.5429,0.2357,0.2052,2.4832,0.2281,0.2011,2.4312,0.2152,0.1975,2.3851,0.1953,0.1945,2.3464,0.168,-0.054,2.4864,0.2295,-0.055,2.5455,0.2379
